# ph	Lobs	err	L+BB	err	

58856.00	3.74e+41	1.52e+40	5.34e+41	1.08e+41
58856.57	5.25e+41	2.17e+40	7.46e+41	1.58e+41
58857.13	6.73e+41	2.82e+40	9.54e+41	2.10e+41
58857.70	8.10e+41	3.41e+40	1.15e+42	2.57e+41
58858.26	9.42e+41	3.98e+40	1.33e+42	3.04e+41
58858.83	1.07e+42	4.55e+40	1.52e+42	3.51e+41
58859.39	1.20e+42	5.10e+40	1.70e+42	3.98e+41
58859.96	1.34e+42	5.70e+40	1.90e+42	4.50e+41
58860.53	1.50e+42	6.39e+40	2.13e+42	5.10e+41
58861.09	1.65e+42	7.02e+40	2.34e+42	5.67e+41
58861.66	1.78e+42	7.56e+40	2.53e+42	6.17e+41
58862.22	1.90e+42	8.02e+40	2.70e+42	6.62e+41
58862.79	2.03e+42	8.55e+40	2.89e+42	7.14e+41
58863.35	2.14e+42	9.02e+40	3.07e+42	7.61e+41
58863.92	2.25e+42	9.44e+40	3.23e+42	8.06e+41
58864.48	2.35e+42	9.81e+40	3.39e+42	8.48e+41
58865.05	2.40e+42	9.97e+40	3.47e+42	8.71e+41
58865.62	2.42e+42	9.99e+40	3.52e+42	8.82e+41
58866.18	2.38e+42	9.75e+40	3.49e+42	8.68e+41
58866.75	2.30e+42	9.37e+40	3.41e+42	8.41e+41
58867.31	2.25e+42	9.13e+40	3.36e+42	8.23e+41
58867.88	2.14e+42	8.61e+40	3.22e+42	7.78e+41
58868.44	1.99e+42	7.94e+40	3.02e+42	7.15e+41
58869.01	1.82e+42	7.18e+40	2.79e+42	6.40e+41
58869.58	1.70e+42	6.70e+40	2.64e+42	5.93e+41
58870.14	1.58e+42	6.18e+40	2.46e+42	5.40e+41
58870.71	1.45e+42	5.65e+40	2.28e+42	4.85e+41
58871.27	1.37e+42	5.32e+40	2.17e+42	4.51e+41
58871.84	1.29e+42	4.98e+40	2.04e+42	4.16e+41
58872.40	1.20e+42	4.63e+40	1.91e+42	3.80e+41
58872.97	1.10e+42	4.26e+40	1.78e+42	3.43e+41
58873.54	1.04e+42	4.03e+40	1.68e+42	3.20e+41
58874.10	9.76e+41	3.76e+40	1.58e+42	2.93e+41
58874.67	9.19e+41	3.54e+40	1.49e+42	2.72e+41
58875.23	8.64e+41	3.32e+40	1.41e+42	2.52e+41
58875.80	8.11e+41	3.12e+40	1.32e+42	2.33e+41
58876.36	7.60e+41	2.92e+40	1.24e+42	2.15e+41
58876.93	7.15e+41	2.75e+40	1.17e+42	2.00e+41
58877.49	6.71e+41	2.58e+40	1.10e+42	1.85e+41
58878.06	6.18e+41	2.37e+40	1.01e+42	1.67e+41
58878.63	5.72e+41	2.20e+40	9.38e+41	1.53e+41
58879.19	5.40e+41	2.08e+40	8.86e+41	1.43e+41
58879.76	5.14e+41	1.98e+40	8.42e+41	1.34e+41
58880.32	4.91e+41	1.89e+40	8.02e+41	1.27e+41
58880.89	4.69e+41	1.80e+40	7.66e+41	1.20e+41
58881.45	4.50e+41	1.73e+40	7.32e+41	1.14e+41
58882.02	4.31e+41	1.65e+40	7.00e+41	1.08e+41
58882.59	4.13e+41	1.59e+40	6.70e+41	1.03e+41
58883.15	3.97e+41	1.53e+40	6.42e+41	9.83e+40
58883.72	3.83e+41	1.47e+40	6.17e+41	9.42e+40
58884.28	3.71e+41	1.43e+40	5.96e+41	9.09e+40
58884.85	3.61e+41	1.39e+40	5.78e+41	8.83e+40
58885.41	3.52e+41	1.35e+40	5.61e+41	8.57e+40
58885.98	3.42e+41	1.32e+40	5.43e+41	8.32e+40
58886.55	3.32e+41	1.28e+40	5.26e+41	8.07e+40
58887.11	3.23e+41	1.24e+40	5.10e+41	7.85e+40
58887.68	3.15e+41	1.21e+40	4.96e+41	7.66e+40
58888.24	3.08e+41	1.19e+40	4.84e+41	7.50e+40
58888.81	3.02e+41	1.17e+40	4.73e+41	7.37e+40
58889.37	2.96e+41	1.15e+40	4.62e+41	7.25e+40
58889.94	2.90e+41	1.12e+40	4.52e+41	7.12e+40
58890.51	2.84e+41	1.10e+40	4.41e+41	6.98e+40
58891.07	2.78e+41	1.08e+40	4.31e+41	6.86e+40
58891.64	2.74e+41	1.07e+40	4.24e+41	6.78e+40
58892.20	2.71e+41	1.05e+40	4.17e+41	6.72e+40
58892.77	2.67e+41	1.04e+40	4.11e+41	6.66e+40
58893.33	2.64e+41	1.03e+40	4.05e+41	6.60e+40
58893.90	2.61e+41	1.02e+40	3.99e+41	6.53e+40
58894.46	2.57e+41	1.01e+40	3.93e+41	6.47e+40
58895.03	2.54e+41	9.96e+39	3.88e+41	6.40e+40
58895.60	2.51e+41	9.85e+39	3.82e+41	6.33e+40
58896.16	2.48e+41	9.73e+39	3.77e+41	6.25e+40
58896.73	2.45e+41	9.61e+39	3.71e+41	6.17e+40
58897.29	2.42e+41	9.50e+39	3.66e+41	6.09e+40
58897.86	2.39e+41	9.39e+39	3.61e+41	6.01e+40
58898.42	2.36e+41	9.27e+39	3.56e+41	5.93e+40
58898.99	2.32e+41	9.14e+39	3.50e+41	5.83e+40
58899.56	2.29e+41	9.00e+39	3.44e+41	5.72e+40
58900.12	2.26e+41	8.89e+39	3.39e+41	5.63e+40
58900.69	2.24e+41	8.81e+39	3.36e+41	5.57e+40
58901.25	2.22e+41	8.72e+39	3.33e+41	5.50e+40
58901.82	2.20e+41	8.63e+39	3.29e+41	5.42e+40
58902.38	2.17e+41	8.51e+39	3.24e+41	5.33e+40
58902.95	2.14e+41	8.37e+39	3.19e+41	5.21e+40
58903.52	2.10e+41	8.22e+39	3.13e+41	5.09e+40
58904.08	2.07e+41	8.08e+39	3.08e+41	4.97e+40
58904.65	2.03e+41	7.94e+39	3.02e+41	4.86e+40
58905.21	2.00e+41	7.81e+39	2.97e+41	4.75e+40
58905.78	1.97e+41	7.66e+39	2.91e+41	4.63e+40
58906.34	1.93e+41	7.52e+39	2.86e+41	4.52e+40
58906.91	1.90e+41	7.37e+39	2.80e+41	4.40e+40
58907.47	1.86e+41	7.23e+39	2.74e+41	4.28e+40
58908.04	1.82e+41	7.08e+39	2.68e+41	4.17e+40
58908.61	1.79e+41	6.93e+39	2.62e+41	4.06e+40
58909.17	1.75e+41	6.79e+39	2.56e+41	3.95e+40
58909.74	1.71e+41	6.64e+39	2.50e+41	3.84e+40
58910.30	1.67e+41	6.50e+39	2.44e+41	3.74e+40
58910.87	1.64e+41	6.35e+39	2.38e+41	3.63e+40
58911.43	1.60e+41	6.20e+39	2.31e+41	3.52e+40
58912.00	1.55e+41	6.04e+39	2.25e+41	3.41e+40

#KEY
# Lobs = integrate observed fluxes with no BB fit
# L+BB = observed flux + BB fit extrapolation
# See logL_obs_2020oi_AUBgVriz.txt and logL_bb_2020oi_AUBgVriz.txt for simple LC files
# Methodology:
# filters used:AUBgVriz
# redshift used:31.16
# extinction used:0.173
# Wavelengths used in observer frame (data already K-corrected?)
# Single BB fit to all wavelengths, with no UV suppression