  49076.20 -18.22 -18.169 42.753
  49076.98 -17.44 -17.831 42.618
  49077.20 -17.22 -17.759 42.589
  49077.98 -16.44 -17.483 42.478
  49078.90 -15.52 -17.183 42.358
  49079.20 -15.22 -17.079 42.317
  49080.08 -14.34 -16.899 42.245
  49080.20 -14.22 -16.851 42.226
  49081.00 -13.42 -16.667 42.152
  49082.02 -12.40 -16.569 42.113
  49082.99 -11.42 -16.593 42.122
  49083.20 -11.22 -16.614 42.131
  49083.99 -10.43 -16.656 42.148
  49084.26 -10.16 -16.744 42.183
  49085.06  -9.36 -16.773 42.194
  49085.28  -9.14 -16.848 42.224
  49085.98  -8.44 -16.896 42.243
  49087.15  -7.26 -17.011 42.290
  49087.40  -7.02 -17.018 42.292
  49087.97  -6.45 -17.098 42.324
  49088.21  -6.21 -17.097 42.324
  49088.93  -5.49 -17.175 42.355
  49089.94  -4.48 -17.286 42.399
  49090.25  -4.17 -17.328 42.416
  49090.96  -3.46 -17.348 42.424
  49091.25  -3.17 -17.431 42.458
  49091.93  -2.49 -17.395 42.443
  49092.97  -1.45 -17.430 42.457
  49093.95  -0.47 -17.456 42.468
  49094.20  -0.22 -17.456 42.467
  49094.93   0.51 -17.464 42.471
  49095.20   0.78 -17.500 42.485
  49096.20   1.78 -17.470 42.473
  49097.25   2.83 -17.399 42.445
  49098.96   4.54 -17.269 42.393
  49099.20   4.78 -17.243 42.382
  49100.25   5.83 -17.160 42.349
  49100.91   6.49 -17.077 42.316
  49101.89   7.47 -16.938 42.260
  49102.20   7.78 -16.917 42.252
  49102.91   8.49 -16.871 42.233
  49104.30   9.88 -16.779 42.197
  49104.91  10.49 -16.702 42.166
  49105.87  11.45 -16.604 42.127
  49106.90  12.48 -16.606 42.127
  49107.88  13.46 -16.522 42.094
  49109.20  14.78 -16.513 42.090
  49110.20  15.78 -16.496 42.084
  49111.30  16.88 -16.417 42.052
  49112.20  17.78 -16.397 42.044
  49112.89  18.47 -16.300 42.005
  49114.20  19.78 -16.310 42.009
  49116.30  21.88 -16.247 41.984
  49117.30  22.88 -16.236 41.979
  49118.20  23.78 -16.203 41.966
  49121.90  27.48 -16.066 41.911
  49122.90  28.48 -16.044 41.903
  49123.88  29.46 -16.023 41.894
  49126.30  31.88 -15.996 41.883
  49128.30  33.88 -15.973 41.874
  49129.30  34.88 -15.965 41.871
  49129.88  35.46 -15.900 41.845
  49130.30  35.88 -15.927 41.856
  49131.91  37.49 -15.858 41.828
  49132.88  38.46 -15.837 41.820
