  49444.49  -5.63 -16.462 -0.009 0.009 42.070 0.004 -0.003
  49445.37  -4.74 -16.691 -0.014 0.013 42.161 0.006 -0.005
  49446.42  -3.69 -16.955 -0.024 0.022 42.267 0.010 -0.009
  49447.43  -2.68 -17.173 -0.010 0.010 42.354 0.004 -0.004
  49449.36  -0.75 -17.309 -0.081 0.067 42.409 0.032 -0.027
  49452.45   2.34 -17.272 -0.031 0.029 42.394 0.012 -0.012
  49453.45   3.34 -17.137 -0.024 0.023 42.340 0.009 -0.009
  49454.35   4.23 -17.061 -0.015 0.015 42.309 0.006 -0.006
  49455.42   5.31 -16.910 -0.013 0.013 42.249 0.005 -0.005
  49456.34   6.22 -16.840 -0.023 0.022 42.221 0.009 -0.009
  49457.32   7.21 -16.712 -0.014 0.014 42.170 0.006 -0.006
  49460.35  10.24 -16.353 -0.023 0.023 42.026 0.009 -0.009
  49461.32  11.21 -16.247 -0.030 0.030 41.984 0.012 -0.012
  49463.35  13.24 -16.111 -0.038 0.037 41.930 0.015 -0.015
  49469.32  19.20 -15.587 -0.140 0.124 41.720 0.056 -0.050
  49470.30  20.19 -15.479 -0.206 0.178 41.677 0.082 -0.071
  49471.29  21.18 -15.458 -0.036 0.035 41.668 0.014 -0.014
  49474.29  24.18 -15.309 -0.037 0.036 41.609 0.015 -0.014
  49475.30  25.19 -15.273 -0.054 0.053 41.594 0.022 -0.021
  49476.28  26.17 -15.224 -0.041 0.040 41.575 0.016 -0.016
  49478.31  28.19 -15.104 -0.040 0.039 41.527 0.016 -0.016
  49480.31  30.19 -15.042 -0.037 0.036 41.502 0.015 -0.015
  49481.31  31.20 -14.994 -0.060 0.057 41.483 0.024 -0.023
  49485.27  35.15 -14.902 -0.053 0.051 41.446 0.021 -0.020
  49486.25  36.14 -14.834 -0.068 0.065 41.419 0.027 -0.026
  49486.46  36.35 -14.824 -0.029 0.028 41.415 0.011 -0.011
  49490.20  40.09 -14.838 -0.104 0.096 41.420 0.042 -0.038
  49493.29  43.17 -14.636 -0.046 0.045 41.339 0.019 -0.018
  49494.32  44.21 -14.637 -0.056 0.054 41.340 0.023 -0.022
  49495.28  45.17 -14.534 -0.035 0.034 41.299 0.014 -0.013
  49501.36  51.25 -14.373 -0.103 0.097 41.234 0.041 -0.039
  49502.29  52.18 -14.396 -0.041 0.040 41.243 0.017 -0.016
  49504.21  54.10 -14.421 -0.105 0.096 41.254 0.042 -0.038
  49505.44  55.33 -14.420 -0.040 0.039 41.253 0.016 -0.015
  49511.21  61.10 -14.177 -0.115 0.105 41.156 0.046 -0.042
