  50047.88 -13.36 -15.883 41.838
  50050.89 -10.35 -16.437 42.060
  50053.88  -7.36 -16.774 42.194
  50054.87  -6.37 -16.848 42.224
  50055.89  -5.35 -16.884 42.239
  50059.90  -1.34 -17.082 42.318
  50060.84  -0.40 -17.112 42.330
  50063.87   2.63 -17.054 42.306
  50065.76   4.52 -16.960 42.269
  50067.75   6.51 -16.832 42.218
  50069.84   8.60 -16.681 42.157
  50071.81  10.57 -16.580 42.117
  50072.80  11.56 -16.530 42.097
  50073.68  12.44 -16.474 42.075
  50075.81  14.57 -16.387 42.040
  50076.76  15.52 -16.338 42.020
  50077.78  16.54 -16.287 42.000
  50078.81  17.57 -16.276 41.995
  50082.79  21.55 -16.139 41.941
  50086.75  25.51 -16.019 41.892
  50087.70  26.46 -15.987 41.880
  50090.75  29.51 -15.947 41.864
  50091.74  30.50 -15.909 41.849
  50093.78  32.54 -15.897 41.844
  50094.78  33.54 -15.841 41.822
  50096.80  35.56 -15.788 41.800
  50099.78  38.54 -15.737 41.780
  50101.78  40.54 -15.687 41.760
  50105.66  44.42 -15.667 41.752
  50107.72  46.48 -15.538 41.700
  50108.71  47.47 -15.538 41.700
  50118.71  57.47 -15.365 41.631
  50120.67  59.43 -15.305 41.607
  50124.70  63.46 -15.232 41.578
  50127.65  66.41 -15.137 41.540
  50132.65  71.41 -15.028 41.496
