  50937.50  -6.53 -18.674 -0.043 0.038 42.955 0.017 -0.015
  50938.50  -5.53 -18.781 -0.021 0.020 42.997 0.008 -0.008
  50939.50  -4.53 -18.868 -0.005 0.005 43.032 0.002 -0.002
  50940.50  -3.53 -18.931 -0.005 0.005 43.057 0.002 -0.002
  50941.50  -2.53 -18.981 -0.005 0.005 43.077 0.002 -0.002
  50942.50  -1.53 -19.018 -0.005 0.005 43.092 0.002 -0.002
  50943.50  -0.53 -19.028 -0.008 0.008 43.096 0.003 -0.003
  50944.50   0.47 -19.028 -0.005 0.005 43.096 0.002 -0.002
  50945.50   1.47 -19.023 -0.005 0.005 43.094 0.002 -0.002
  50946.50   2.47 -18.992 -0.009 0.009 43.082 0.004 -0.003
  50947.50   3.47 -18.955 -0.006 0.006 43.067 0.002 -0.002
  50948.50   4.47 -18.914 -0.006 0.006 43.051 0.002 -0.002
  50949.50   5.47 -18.865 -0.010 0.010 43.031 0.004 -0.004
  50950.50   6.47 -18.807 -0.011 0.010 43.008 0.004 -0.004
  50951.50   7.47 -18.745 -0.007 0.007 42.983 0.003 -0.003
  50952.50   8.47 -18.686 -0.023 0.023 42.959 0.009 -0.009
  50953.50   9.47 -18.628 -0.020 0.019 42.936 0.008 -0.008
  50954.50  10.47 -18.562 -0.013 0.013 42.910 0.005 -0.005
  50955.50  11.47 -18.493 -0.030 0.029 42.882 0.012 -0.012
  50956.50  12.47 -18.431 -0.009 0.009 42.857 0.004 -0.004
  50957.50  13.47 -18.368 -0.014 0.014 42.832 0.006 -0.006
  50958.50  14.47 -18.310 -0.037 0.036 42.809 0.015 -0.014
  50959.50  15.47 -18.253 -0.043 0.042 42.786 0.017 -0.017
  50960.50  16.47 -18.193 -0.040 0.039 42.762 0.016 -0.015
  50961.50  17.47 -18.136 -0.022 0.021 42.739 0.009 -0.009
  50962.50  18.47 -18.087 -0.015 0.015 42.720 0.006 -0.006
  50963.50  19.47 -18.034 -0.010 0.010 42.699 0.004 -0.004
  50964.50  20.47 -17.977 -0.015 0.015 42.676 0.006 -0.006
  50965.50  21.47 -17.927 -0.029 0.028 42.656 0.011 -0.011
  50966.50  22.47 -17.880 -0.037 0.036 42.637 0.015 -0.015
  50967.50  23.47 -17.833 -0.042 0.041 42.618 0.017 -0.016
  50968.50  24.47 -17.790 -0.042 0.040 42.601 0.017 -0.016
  50969.50  25.47 -17.743 -0.034 0.033 42.582 0.014 -0.013
  50970.50  26.47 -17.706 -0.029 0.028 42.568 0.011 -0.011
  50971.50  27.47 -17.666 -0.045 0.044 42.551 0.018 -0.017
  50972.50  28.47 -17.630 -0.019 0.018 42.537 0.007 -0.007
  50973.50  29.47 -17.593 -0.021 0.020 42.522 0.008 -0.008
  50974.50  30.47 -17.567 -0.040 0.039 42.512 0.016 -0.016
  50975.50  31.47 -17.537 -0.040 0.039 42.500 0.016 -0.016
  50976.50  32.47 -17.510 -0.042 0.040 42.489 0.017 -0.016
  50977.50  33.47 -17.480 -0.042 0.040 42.477 0.017 -0.016
  50978.50  34.47 -17.457 -0.029 0.029 42.468 0.012 -0.011
  50979.50  35.47 -17.430 -0.029 0.029 42.457 0.012 -0.011
  50980.50  36.47 -17.407 -0.029 0.029 42.448 0.012 -0.011
  50981.50  37.47 -17.383 -0.021 0.020 42.438 0.008 -0.008
  50982.50  38.47 -17.363 -0.021 0.020 42.430 0.008 -0.008
  50983.50  39.47 -17.343 -0.009 0.009 42.422 0.004 -0.004
  50984.50  40.47 -17.320 -0.028 0.028 42.413 0.011 -0.011
  50985.50  41.47 -17.300 -0.021 0.021 42.405 0.008 -0.008
  50986.50  42.47 -17.280 -0.015 0.015 42.397 0.006 -0.006
  50987.50  43.47 -17.260 -0.009 0.009 42.389 0.004 -0.004
  50988.50  44.47 -17.240 -0.009 0.009 42.381 0.004 -0.004
  50989.50  45.47 -17.220 -0.009 0.009 42.373 0.004 -0.004
  50990.50  46.47 -17.210 -0.009 0.009 42.369 0.004 -0.004
  50991.50  47.47 -17.190 -0.009 0.009 42.361 0.004 -0.004
  50992.50  48.47 -17.173 -0.009 0.009 42.354 0.004 -0.004
  50993.50  49.47 -17.153 -0.009 0.009 42.346 0.004 -0.004
  50994.50  50.47 -17.137 -0.009 0.009 42.340 0.004 -0.004
  50995.50  51.47 -17.120 -0.009 0.009 42.333 0.004 -0.004
  50996.50  52.47 -17.094 -0.009 0.009 42.322 0.004 -0.004
  50997.50  53.47 -17.077 -0.009 0.009 42.316 0.004 -0.004
  50998.50  54.47 -17.057 -0.009 0.009 42.308 0.004 -0.004
  50999.50  55.47 -17.041 -0.009 0.009 42.301 0.004 -0.004
  51000.50  56.47 -17.021 -0.009 0.009 42.293 0.004 -0.004
  51001.50  57.47 -16.998 -0.014 0.014 42.284 0.006 -0.006
  51002.50  58.47 -16.978 -0.009 0.009 42.276 0.004 -0.004
  51003.50  59.47 -16.962 -0.009 0.009 42.270 0.004 -0.004
  51004.50  60.47 -16.942 -0.009 0.009 42.262 0.004 -0.004
  51005.50  61.47 -16.919 -0.009 0.009 42.253 0.004 -0.004
  51006.50  62.47 -16.899 -0.009 0.009 42.245 0.004 -0.004
  51007.50  63.47 -16.883 -0.009 0.009 42.238 0.004 -0.004
  51008.50  64.47 -16.863 -0.009 0.009 42.230 0.004 -0.004
  51009.50  65.47 -16.847 -0.009 0.009 42.224 0.004 -0.004
  51010.50  66.47 -16.827 -0.009 0.009 42.216 0.004 -0.004
  51011.50  67.47 -16.811 -0.009 0.009 42.209 0.004 -0.004
  51012.50  68.47 -16.791 -0.009 0.009 42.201 0.004 -0.004
  51013.50  69.47 -16.775 -0.009 0.009 42.195 0.004 -0.003
  51014.50  70.47 -16.755 -0.009 0.009 42.187 0.004 -0.003
  51015.50  71.47 -16.739 -0.009 0.009 42.181 0.003 -0.003
