  51481.05 -17.89 -14.099 -0.033 0.029 41.125 0.013 -0.012
  51482.11 -16.83 -14.119 -0.114 0.094 41.133 0.046 -0.038
  51483.15 -15.78 -14.489 -0.035 0.034 41.280 0.014 -0.013
  51484.07 -14.86 -14.938 -0.063 0.059 41.460 0.025 -0.024
  51485.10 -13.84 -15.495 -0.022 0.022 41.683 0.009 -0.009
  51486.11 -12.83 -16.001 -0.022 0.022 41.886 0.009 -0.009
  51487.03 -11.91 -16.317 -0.009 0.009 42.012 0.004 -0.004
  51488.08 -10.86 -16.580 -0.017 0.016 42.117 0.007 -0.006
  51489.03  -9.91 -16.787 -0.008 0.008 42.200 0.003 -0.003
  51490.10  -8.84 -16.978 -0.008 0.008 42.276 0.003 -0.003
  51492.09  -6.85 -17.245 -0.008 0.008 42.383 0.003 -0.003
  51493.04  -5.90 -17.326 -0.007 0.007 42.416 0.003 -0.003
  51495.09  -3.85 -17.444 -0.009 0.008 42.463 0.003 -0.003
  51496.11  -2.83 -17.498 -0.014 0.013 42.484 0.006 -0.005
  51497.04  -1.89 -17.523 -0.009 0.009 42.494 0.004 -0.004
  51498.05  -0.88 -17.531 -0.013 0.013 42.498 0.005 -0.005
  51499.10   0.16 -17.540 -0.010 0.010 42.501 0.004 -0.004
  51500.04   1.11 -17.539 -0.010 0.010 42.501 0.004 -0.004
  51501.04   2.11 -17.513 -0.017 0.015 42.490 0.006 -0.006
  51503.02   4.09 -17.473 -0.012 0.011 42.474 0.005 -0.005
  51504.03   5.10 -17.434 -0.013 0.013 42.459 0.005 -0.005
  51505.02   6.09 -17.386 -0.013 0.013 42.439 0.005 -0.005
  51506.05   7.11 -17.295 -0.011 0.011 42.403 0.005 -0.004
  51507.08   8.15 -17.256 -0.017 0.017 42.388 0.007 -0.007
  51508.06   9.12 -17.169 -0.014 0.014 42.353 0.006 -0.006
  51509.05  10.11 -17.097 -0.013 0.013 42.324 0.005 -0.005
  51511.06  12.13 -16.956 -0.018 0.018 42.267 0.007 -0.007
  51513.09  14.16 -16.834 -0.041 0.040 42.218 0.017 -0.016
  51515.09  16.16 -16.674 -0.042 0.042 42.155 0.017 -0.017
  51517.03  18.10 -16.552 -0.035 0.035 42.106 0.014 -0.014
  51519.03  20.10 -16.473 -0.046 0.045 42.074 0.018 -0.018
  51521.08  22.15 -16.392 -0.040 0.038 42.042 0.016 -0.016
