  52306.73  -5.36 -16.461 -0.021 0.019 42.070 0.008 -0.008
  52307.69  -4.41 -16.617 -0.020 0.019 42.132 0.008 -0.008
  52308.75  -3.34 -16.815 -0.016 0.015 42.211 0.006 -0.006
  52309.71  -2.38 -16.818 -0.021 0.020 42.212 0.009 -0.008
  52310.72  -1.37 -16.854 -0.024 0.023 42.227 0.010 -0.009
  52312.75   0.66 -16.901 -0.022 0.022 42.245 0.009 -0.009
  52313.72   1.63 -16.873 -0.032 0.031 42.234 0.013 -0.012
  52318.77   6.68 -16.688 -0.014 0.014 42.160 0.006 -0.005
  52319.75   7.66 -16.638 -0.014 0.014 42.140 0.006 -0.006
  52320.75   8.66 -16.601 -0.015 0.015 42.125 0.006 -0.006
  52321.72   9.62 -16.575 -0.040 0.039 42.115 0.016 -0.016
  52322.90  10.81 -16.497 -0.016 0.016 42.084 0.006 -0.006
  52323.74  11.65 -16.484 -0.050 0.048 42.078 0.020 -0.019
  52324.75  12.66 -16.436 -0.053 0.051 42.059 0.021 -0.021
  52325.71  13.62 -16.387 -0.043 0.041 42.040 0.017 -0.017
  52326.74  14.65 -16.307 -0.017 0.017 42.008 0.007 -0.007
  52328.71  16.62 -16.251 -0.050 0.049 41.985 0.020 -0.020
  52331.74  19.64 -16.099 -0.058 0.057 41.925 0.023 -0.023
  52333.72  21.63 -16.000 -0.059 0.058 41.885 0.024 -0.023
  52334.69  22.60 -15.950 -0.053 0.052 41.865 0.021 -0.021
  52335.70  23.60 -15.900 -0.053 0.052 41.845 0.021 -0.021
  52336.70  24.61 -15.844 -0.052 0.050 41.823 0.021 -0.020
  52337.70  25.61 -15.789 -0.049 0.048 41.801 0.020 -0.019
  52338.69  26.60 -15.733 -0.064 0.062 41.778 0.026 -0.025
