  52700.10 -16.92 -16.002 -0.051 0.048 41.886 0.021 -0.019
  52702.00 -15.02 -16.337 -0.049 0.046 42.020 0.020 -0.018
  52710.05  -6.97 -17.309 -0.040 0.036 42.409 0.016 -0.014
  52733.00  15.98 -16.960 -0.049 0.047 42.269 0.019 -0.019
  52738.00  20.98 -16.748 -0.076 0.073 42.184 0.031 -0.029
  52739.00  21.98 -16.756 -0.094 0.090 42.187 0.037 -0.036
  52744.00  26.98 -16.571 -0.019 0.019 42.114 0.007 -0.007
  52745.00  27.98 -16.560 -0.033 0.033 42.109 0.013 -0.013
  52746.00  28.98 -16.521 -0.039 0.039 42.093 0.016 -0.016
  52754.00  36.98 -16.366 -0.019 0.019 42.031 0.008 -0.008
