  52938.22  -4.27 -18.686 -0.019 0.018 42.959 0.007 -0.007
  52939.23  -3.26 -18.782 -0.009 0.009 42.998 0.004 -0.004
  52940.15  -2.34 -18.752 -0.019 0.018 42.986 0.007 -0.007
  52941.20  -1.29 -18.848 -0.010 0.010 43.024 0.004 -0.004
  52942.41  -0.08 -18.852 -0.036 0.032 43.026 0.014 -0.013
  52943.88   1.39 -18.843 -0.021 0.020 43.022 0.009 -0.008
  52945.19   2.70 -18.776 -0.096 0.082 42.995 0.038 -0.033
  52954.24  11.75 -18.208 -0.205 0.184 42.768 0.082 -0.074
  52954.84  12.35 -18.163 -0.051 0.049 42.750 0.020 -0.020
  52955.24  12.75 -18.116 -0.086 0.083 42.731 0.035 -0.033
  52955.74  13.25 -18.167 -0.077 0.074 42.752 0.031 -0.029
  52956.24  13.75 -18.071 -0.049 0.048 42.713 0.019 -0.019
  52956.67  14.18 -18.024 -0.098 0.093 42.695 0.039 -0.037
  52957.67  15.18 -17.914 -0.074 0.071 42.651 0.030 -0.028
  52957.94  15.45 -17.986 -0.029 0.028 42.679 0.011 -0.011
  52958.68  16.19 -17.861 -0.091 0.087 42.630 0.036 -0.035
  52959.24  16.75 -17.918 -0.048 0.047 42.652 0.019 -0.019
  52959.68  17.19 -17.811 -0.111 0.106 42.610 0.044 -0.042
  52960.68  18.19 -17.761 -0.086 0.082 42.589 0.034 -0.033
  52961.24  18.75 -17.696 -0.117 0.110 42.563 0.047 -0.044
  52961.76  19.27 -17.734 -0.072 0.070 42.579 0.029 -0.028
  52962.24  19.75 -17.743 -0.078 0.075 42.582 0.031 -0.030
  52963.24  20.75 -17.647 -0.067 0.065 42.544 0.027 -0.026
  52964.24  21.75 -17.580 -0.069 0.067 42.517 0.028 -0.027
  52966.24  23.75 -17.457 -0.205 0.188 42.468 0.082 -0.075
  52967.24  24.75 -17.426 -0.137 0.128 42.455 0.055 -0.051
  52967.67  25.18 -17.293 -0.076 0.073 42.402 0.030 -0.029
  52968.24  25.75 -17.386 -0.071 0.069 42.439 0.029 -0.028
  52968.72  26.23 -17.353 -0.110 0.105 42.426 0.044 -0.042
  52969.67  27.18 -17.233 -0.060 0.058 42.378 0.024 -0.023
  52970.24  27.75 -17.256 -0.045 0.044 42.387 0.018 -0.018
  52971.43  28.94 -17.258 -0.060 0.058 42.388 0.024 -0.023
  52972.24  29.75 -17.126 -0.351 0.295 42.335 0.140 -0.118
  52972.68  30.19 -17.098 -0.117 0.111 42.324 0.047 -0.044
  52976.24  33.75 -17.060 -0.085 0.081 42.309 0.034 -0.033
  52978.24  35.75 -16.996 -0.066 0.064 42.283 0.026 -0.025
  52979.24  36.75 -17.009 -0.050 0.049 42.289 0.020 -0.019
  52980.77  38.28 -16.956 -0.171 0.155 42.267 0.068 -0.062
  52981.77  39.28 -16.883 -0.065 0.062 42.238 0.026 -0.025
  52982.69  40.20 -16.889 -0.143 0.133 42.241 0.057 -0.053
  52983.72  41.23 -16.806 -0.167 0.151 42.208 0.067 -0.060
  52984.67  42.18 -16.781 -0.085 0.081 42.197 0.034 -0.032
  52985.76  43.26 -16.819 -0.135 0.124 42.213 0.054 -0.050
  52988.69  46.20 -16.656 -0.068 0.065 42.148 0.027 -0.026
  52989.68  47.19 -16.651 -0.046 0.045 42.145 0.018 -0.018
  52990.67  48.18 -16.659 -0.043 0.041 42.149 0.017 -0.017
  52991.24  48.75 -16.637 -0.088 0.084 42.140 0.035 -0.034
  52992.24  49.75 -16.622 -0.082 0.078 42.134 0.033 -0.031
  52993.24  50.75 -16.634 -0.181 0.164 42.139 0.072 -0.066
  52997.78  55.29 -16.443 -0.066 0.063 42.062 0.026 -0.025
  53000.44  57.95 -16.390 -0.176 0.158 42.041 0.070 -0.063
  53005.67  63.18 -16.275 -0.065 0.062 41.995 0.026 -0.025
  53010.24  67.75 -16.187 -0.048 0.046 41.960 0.019 -0.019
  53012.71  70.22 -16.066 -0.084 0.079 41.911 0.034 -0.032
  53013.24  70.75 -16.101 -0.047 0.045 41.925 0.019 -0.018
  53015.71  73.22 -16.031 -0.079 0.074 41.897 0.032 -0.030
  53017.24  74.75 -15.956 -0.186 0.163 41.867 0.074 -0.065
  53018.24  75.75 -15.973 -0.206 0.175 41.874 0.083 -0.070
  53019.69  77.20 -15.894 -0.042 0.041 41.843 0.017 -0.016
  53020.24  77.75 -15.999 -0.232 0.194 41.885 0.093 -0.077
  53021.69  79.20 -15.820 -0.099 0.090 41.813 0.040 -0.036
  53022.24  79.75 -15.820 -0.166 0.143 41.813 0.066 -0.057
