  53352.30  -9.09 -16.993 -0.013 0.011 42.282 0.005 -0.004
  53357.40  -3.99 -17.301 -0.019 0.017 42.406 0.008 -0.007
  53358.40  -2.99 -17.347 -0.018 0.016 42.424 0.007 -0.006
  53359.40  -1.99 -17.394 -0.017 0.015 42.442 0.007 -0.006
  53361.40   0.01 -17.387 -0.018 0.015 42.440 0.007 -0.006
  53386.20  24.81 -16.150 -0.034 0.031 41.945 0.013 -0.013
  53387.30  25.91 -16.104 -0.033 0.031 41.927 0.013 -0.012
  53388.30  26.91 -16.076 -0.038 0.035 41.915 0.015 -0.014
  53390.30  28.91 -16.034 -0.035 0.032 41.899 0.014 -0.013
  53392.30  30.91 -15.978 -0.035 0.032 41.876 0.014 -0.013
  53401.30  39.91 -15.756 -0.035 0.033 41.788 0.014 -0.013
