  53310.30  -3.30 -17.887 -0.037 0.031 42.640 0.015 -0.013
  53315.40   1.80 -17.961 -0.029 0.026 42.670 0.012 -0.010
  53316.40   2.80 -18.031 -0.028 0.023 42.698 0.011 -0.009
  53319.40   5.80 -17.772 -0.036 0.031 42.594 0.014 -0.012
  53325.40  11.80 -17.494 -0.035 0.029 42.483 0.014 -0.012
  53326.40  12.80 -17.405 -0.061 0.047 42.447 0.024 -0.019
  53327.40  13.80 -17.419 -0.050 0.044 42.453 0.020 -0.018
  53328.40  14.80 -17.336 -0.040 0.036 42.419 0.016 -0.014
  53329.40  15.80 -17.359 -0.051 0.046 42.429 0.020 -0.018
  53336.30  22.70 -16.987 -0.076 0.064 42.280 0.030 -0.025
