  53310.20  -8.09 -17.512 -0.012 0.009 42.490 0.005 -0.004
  53312.10  -6.19 -17.843 -0.009 0.006 42.622 0.003 -0.002
  53313.20  -5.09 -17.963 -0.009 0.006 42.670 0.003 -0.002
  53315.40  -2.89 -18.137 -0.009 0.005 42.740 0.004 -0.002
  53316.40  -1.89 -18.180 -0.011 0.008 42.757 0.004 -0.003
  53320.10   1.81 -18.187 -0.019 0.017 42.760 0.008 -0.007
  53322.10   3.81 -18.142 -0.013 0.011 42.742 0.005 -0.004
  53323.30   5.01 -18.036 -0.019 0.016 42.699 0.007 -0.006
  53326.40   8.11 -17.835 -0.036 0.031 42.619 0.015 -0.013
  53328.20   9.91 -17.680 -0.024 0.022 42.557 0.010 -0.009
  53334.10  15.81 -17.256 -0.034 0.029 42.387 0.013 -0.012
  53335.20  16.91 -17.158 -0.039 0.034 42.348 0.016 -0.013
  53349.30  31.01 -16.688 -0.039 0.030 42.160 0.015 -0.012
  53353.20  34.91 -16.422 -0.028 0.024 42.054 0.011 -0.009
