  53220.40  -9.33 -17.100 -0.013 0.009 42.325 0.005 -0.004
  53223.30  -6.43 -17.443 -0.018 0.013 42.462 0.007 -0.005
  53227.30  -2.43 -17.578 -0.018 0.015 42.516 0.007 -0.006
  53228.30  -1.43 -17.773 -0.012 0.009 42.594 0.005 -0.004
  53233.30   3.57 -17.738 -0.010 0.007 42.580 0.004 -0.003
  53234.50   4.77 -17.515 -0.020 0.018 42.491 0.008 -0.007
  53235.50   5.77 -17.491 -0.021 0.018 42.481 0.009 -0.007
  53237.30   7.57 -17.406 -0.021 0.019 42.447 0.009 -0.008
  53238.30   8.57 -17.386 -0.023 0.021 42.439 0.009 -0.008
  53239.30   9.57 -17.332 -0.022 0.019 42.418 0.009 -0.008
  53241.30  11.57 -17.248 -0.029 0.027 42.384 0.012 -0.011
  53242.30  12.57 -17.140 -0.029 0.026 42.341 0.012 -0.010
  53243.50  13.77 -17.094 -0.027 0.024 42.323 0.011 -0.010
  53247.30  17.57 -16.992 -0.026 0.021 42.282 0.011 -0.009
  53248.30  18.57 -16.776 -0.046 0.041 42.196 0.019 -0.017
  53259.25  29.52 -16.426 -0.028 0.025 42.055 0.011 -0.010
  53265.50  35.77 -16.249 -0.037 0.033 41.985 0.015 -0.013
  53266.50  36.77 -16.217 -0.040 0.035 41.972 0.016 -0.014
  53270.30  40.57 -16.160 -0.042 0.034 41.949 0.017 -0.014
  53276.20  46.47 -16.175 -0.048 0.034 41.955 0.019 -0.014
  53282.20  52.47 -15.963 -0.036 0.032 41.870 0.014 -0.013
  53283.25  53.52 -15.976 -0.038 0.032 41.875 0.015 -0.013
