  53219.30 -20.18 -15.348 -0.016 0.013 41.624 0.006 -0.005
  53220.20 -19.28 -15.663 -0.015 0.012 41.750 0.006 -0.005
  53223.30 -16.18 -16.529 -0.011 0.008 42.096 0.004 -0.003
  53227.20 -12.28 -17.084 -0.005 0.003 42.319 0.002 -0.001
  53233.20  -6.28 -17.644 -0.012 0.010 42.543 0.005 -0.004
  53234.20  -5.28 -17.686 -0.012 0.010 42.560 0.005 -0.004
  53235.20  -4.28 -17.720 -0.013 0.011 42.573 0.005 -0.004
  53237.30  -2.18 -17.826 -0.012 0.010 42.616 0.005 -0.004
  53242.20   2.72 -17.802 -0.017 0.015 42.606 0.007 -0.006
  53252.15  12.67 -17.452 -0.026 0.024 42.466 0.011 -0.010
  53258.10  18.62 -17.241 -0.029 0.027 42.381 0.012 -0.011
  53261.10  21.62 -17.126 -0.030 0.027 42.336 0.012 -0.011
  53266.10  26.62 -16.969 -0.029 0.027 42.273 0.012 -0.011
  53270.20  30.72 -16.841 -0.032 0.029 42.221 0.013 -0.011
