  53085.30  -3.28 -17.693 -0.021 0.020 42.562 0.009 -0.008
  53087.30  -1.28 -17.788 -0.016 0.015 42.600 0.006 -0.006
  53088.30  -0.28 -17.797 -0.063 0.055 42.604 0.025 -0.022
  53088.90   0.32 -17.817 -0.029 0.027 42.612 0.011 -0.011
  53090.40   1.82 -17.771 -0.030 0.028 42.593 0.012 -0.011
  53092.30   3.72 -17.696 -0.043 0.041 42.564 0.017 -0.016
  53092.60   4.02 -17.806 -0.032 0.031 42.607 0.013 -0.012
  53093.30   4.72 -17.723 -0.031 0.030 42.574 0.012 -0.012
  53093.60   5.02 -17.742 -0.046 0.044 42.582 0.018 -0.018
  53094.00   5.42 -17.710 -0.071 0.066 42.569 0.028 -0.026
  53094.30   5.72 -17.711 -0.070 0.065 42.569 0.028 -0.026
  53095.00   6.42 -17.699 -0.058 0.055 42.564 0.023 -0.022
  53095.30   6.72 -17.662 -0.053 0.051 42.550 0.021 -0.020
  53096.00   7.42 -17.727 -0.042 0.040 42.576 0.017 -0.016
  53096.30   7.72 -17.637 -0.078 0.073 42.540 0.031 -0.029
  53096.90   8.32 -17.638 -0.061 0.059 42.540 0.025 -0.024
  53102.30  13.72 -17.439 -0.048 0.047 42.461 0.019 -0.019
  53102.80  14.22 -17.425 -0.054 0.052 42.455 0.022 -0.021
  53103.00  14.42 -17.423 -0.104 0.099 42.454 0.042 -0.040
  53104.30  15.72 -17.353 -0.059 0.058 42.426 0.024 -0.023
  53107.30  18.72 -17.260 -0.101 0.097 42.389 0.040 -0.039
  53107.80  19.22 -17.256 -0.056 0.055 42.388 0.022 -0.022
  53109.10  20.52 -17.223 -0.099 0.095 42.374 0.040 -0.038
  53109.90  21.32 -17.188 -0.049 0.048 42.360 0.020 -0.019
  53111.30  22.72 -17.084 -0.105 0.100 42.319 0.042 -0.040
  53112.90  24.32 -17.026 -0.137 0.129 42.295 0.055 -0.052
  53114.00  25.42 -16.979 -0.058 0.056 42.277 0.023 -0.022
  53115.90  27.32 -16.924 -0.058 0.057 42.255 0.023 -0.023
  53116.95  28.37 -16.891 -0.111 0.106 42.241 0.044 -0.042
  53118.10  29.52 -16.859 -0.088 0.085 42.229 0.035 -0.034
  53118.90  30.32 -16.818 -0.092 0.089 42.212 0.037 -0.036
  53119.30  30.72 -16.797 -0.106 0.102 42.204 0.043 -0.041
  53120.00  31.42 -16.804 -0.053 0.052 42.206 0.021 -0.021
  53121.00  32.42 -16.771 -0.074 0.072 42.193 0.029 -0.029
  53124.30  35.72 -16.629 -0.446 0.387 42.137 0.178 -0.155
  53129.30  40.72 -16.601 -0.401 0.348 42.125 0.160 -0.139
  53132.00  43.42 -16.414 -0.065 0.064 42.050 0.026 -0.025
  53134.30  45.72 -16.412 -0.180 0.168 42.050 0.072 -0.067
  53136.90  48.32 -16.314 -0.069 0.067 42.011 0.028 -0.027
  53138.20  49.62 -16.354 -0.161 0.151 42.027 0.065 -0.060
  53138.90  50.32 -16.353 -0.113 0.108 42.026 0.045 -0.043
