  53733.40   0.00 -17.973 -0.015 0.015 42.674 0.006 -0.006
  53734.40   1.00 -17.968 -0.015 0.014 42.672 0.006 -0.005
  53736.50   3.10 -17.865 -0.018 0.017 42.631 0.007 -0.007
  53737.40   4.00 -17.871 -0.021 0.020 42.633 0.008 -0.008
  53739.50   6.10 -17.738 -0.029 0.028 42.580 0.012 -0.011
  53742.50   9.10 -17.638 -0.038 0.037 42.540 0.015 -0.015
  53743.50  10.10 -17.564 -0.035 0.034 42.511 0.014 -0.014
  53745.40  12.00 -17.456 -0.037 0.035 42.467 0.015 -0.014
  53746.50  13.10 -17.273 -0.093 0.087 42.394 0.037 -0.035
  53748.50  15.10 -17.304 -0.040 0.039 42.407 0.016 -0.015
  53755.40  22.00 -16.851 -0.053 0.051 42.225 0.021 -0.020
  53758.40  25.00 -16.532 -0.157 0.142 42.098 0.063 -0.057
  53761.40  28.00 -16.434 -0.133 0.119 42.059 0.053 -0.048
  53764.40  31.00 -16.342 -0.047 0.045 42.022 0.019 -0.018
  53765.30  31.90 -16.397 -0.116 0.105 42.044 0.046 -0.042
  53766.50  33.10 -16.361 -0.051 0.048 42.030 0.020 -0.019
  53768.40  35.00 -16.301 -0.110 0.098 42.005 0.044 -0.039
  53776.40  43.00 -16.158 -0.088 0.081 41.948 0.035 -0.033
  53779.30  45.90 -16.021 -0.123 0.106 41.894 0.049 -0.042
  53781.30  47.90 -16.037 -0.073 0.067 41.900 0.029 -0.027
  53786.30  52.90 -15.977 -0.067 0.060 41.876 0.027 -0.024
  53787.30  53.90 -16.118 -0.077 0.061 41.932 0.031 -0.024
  53788.30  54.90 -15.914 -0.110 0.093 41.850 0.044 -0.037
  53794.20  60.80 -15.944 -0.051 0.045 41.863 0.020 -0.018
  53797.20  63.80 -15.921 -0.050 0.043 41.854 0.020 -0.017
  53798.30  64.90 -15.956 -0.046 0.040 41.867 0.018 -0.016
  53799.30  65.90 -15.923 -0.107 0.089 41.854 0.043 -0.035
