  53470.73 -27.05 -16.908 -0.026 0.020 42.248 0.011 -0.008
  53471.74 -26.04 -17.012 -0.024 0.018 42.290 0.010 -0.007
  53472.70 -25.08 -17.055 -0.023 0.017 42.307 0.009 -0.007
  53473.70 -24.08 -17.092 -0.022 0.016 42.322 0.009 -0.006
  53475.71 -22.07 -17.082 -0.044 0.035 42.318 0.017 -0.014
  53476.69 -21.09 -17.052 -0.035 0.029 42.306 0.014 -0.012
  53477.66 -20.12 -17.013 -0.057 0.046 42.290 0.023 -0.018
  53481.69 -16.09 -17.193 -0.066 0.056 42.362 0.026 -0.022
  53482.77 -15.01 -17.208 -0.378 0.222 42.368 0.151 -0.089
  53484.69 -13.09 -17.389 -0.073 0.064 42.441 0.029 -0.026
  53485.71 -12.07 -17.476 -0.079 0.065 42.475 0.032 -0.026
  53489.75  -8.03 -17.808 -0.038 0.032 42.608 0.015 -0.013
  53491.67  -6.11 -17.947 -0.036 0.030 42.664 0.014 -0.012
  53492.64  -5.14 -17.998 -0.032 0.027 42.684 0.013 -0.011
  53493.65  -4.13 -18.033 -0.032 0.026 42.698 0.013 -0.010
  53494.64  -3.14 -18.069 -0.034 0.027 42.712 0.014 -0.011
  53495.63  -2.15 -18.072 -0.035 0.029 42.714 0.014 -0.012
  53496.65  -1.13 -18.097 -0.034 0.029 42.724 0.014 -0.011
  53497.64  -0.14 -18.108 -0.028 0.024 42.728 0.011 -0.010
  53498.63   0.85 -18.097 -0.030 0.026 42.724 0.012 -0.010
  53500.66   2.88 -18.007 -0.047 0.037 42.688 0.019 -0.015
  53501.68   3.90 -18.013 -0.043 0.037 42.690 0.017 -0.015
  53502.68   4.90 -17.995 -0.040 0.035 42.683 0.016 -0.014
  53508.66  10.88 -17.784 -0.095 0.083 42.599 0.038 -0.033
  53509.65  11.87 -17.729 -0.058 0.049 42.577 0.023 -0.020
  53510.65  12.87 -17.706 -0.180 0.155 42.567 0.072 -0.062
  53511.65  13.87 -17.579 -0.107 0.089 42.517 0.043 -0.036
  53512.66  14.88 -17.558 -0.241 0.189 42.508 0.096 -0.076
  53515.66  17.88 -17.365 -0.087 0.080 42.431 0.035 -0.032
  53521.66  23.88 -17.039 -0.305 0.256 42.300 0.122 -0.102
  53523.64  25.86 -16.829 -0.144 0.131 42.217 0.058 -0.053
  53525.65  27.87 -16.753 -0.179 0.164 42.186 0.071 -0.066
