  53467.40  -6.48 -17.866 -0.014 0.012 42.632 0.006 -0.005
  53474.40   0.52 -18.049 -0.018 0.016 42.705 0.007 -0.006
  53481.30   7.42 -17.916 -0.024 0.021 42.652 0.010 -0.009
  53503.30  29.42 -17.178 -0.031 0.028 42.356 0.012 -0.011
  53506.30  32.42 -17.153 -0.029 0.026 42.346 0.011 -0.010
  53509.20  35.32 -17.043 -0.030 0.028 42.302 0.012 -0.011
  53519.30  45.42 -16.918 -0.028 0.026 42.252 0.011 -0.010
  53526.30  52.42 -16.729 -0.034 0.029 42.177 0.013 -0.012
  53531.30  57.42 -16.751 -0.026 0.024 42.185 0.011 -0.009
  53535.20  61.32 -16.690 -0.024 0.021 42.161 0.010 -0.009
