22053671.20 -10.53 -18.591 42.922
22053674.40  -7.33 -19.006 43.087
22053676.30  -5.43 -19.113 43.130
22053677.30  -4.43 -19.225 43.175
22053678.40  -3.33 -19.196 43.163
22053679.20  -2.53 -19.216 43.172
22053680.40  -1.33 -19.267 43.192
22053681.30  -0.43 -19.280 43.197
22053682.30   0.57 -19.319 43.213
22053683.40   1.67 -19.294 43.203
22053685.30   3.57 -19.202 43.166
22053686.30   4.57 -19.276 43.196
22053687.30   5.57 -19.171 43.153
22053688.30   6.57 -19.087 43.120
22053689.20   7.47 -19.034 43.099
22053690.40   8.67 -18.811 43.009
22053691.40   9.67 -18.830 43.017
22053692.40  10.67 -18.785 42.999
22053694.40  12.67 -18.549 42.905
22053695.40  13.67 -18.581 42.917
22053696.40  14.67 -18.506 42.887
22053697.20  15.47 -18.295 42.803
22053706.40  24.67 -17.905 42.647
22053707.30  25.57 -17.824 42.614
22053709.20  27.47 -17.819 42.613
22053711.20  29.47 -17.737 42.580
22053713.30  31.57 -17.663 42.550
22053714.20  32.47 -17.701 42.565
22053724.30  42.57 -17.398 42.444
22053728.30  46.57 -17.278 42.396
22053730.30  48.57 -17.165 42.351
22053737.30  55.57 -17.006 42.288
22053741.20  59.47 -16.934 42.259
22053758.20  76.47 -16.731 42.178
