  53708.10  -2.40 -18.530 -0.030 0.014 42.897 0.012 -0.006
  53709.10  -1.40 -18.513 -0.037 0.024 42.890 0.015 -0.010
  53710.10  -0.40 -18.553 -0.024 0.019 42.906 0.009 -0.008
  53711.10   0.60 -18.553 -0.022 0.018 42.906 0.009 -0.007
  53712.10   1.60 -18.575 -0.036 0.029 42.915 0.014 -0.011
  53717.10   6.60 -18.363 -0.044 0.036 42.830 0.018 -0.014
  53718.10   7.60 -18.413 -0.035 0.025 42.850 0.014 -0.010
  53720.10   9.60 -18.376 -0.032 0.024 42.836 0.013 -0.010
  53722.10  11.60 -18.287 -0.043 0.035 42.800 0.017 -0.014
  53723.10  12.60 -18.276 -0.043 0.037 42.795 0.017 -0.015
  53724.10  13.60 -18.192 -0.076 0.062 42.762 0.030 -0.025
  53726.10  15.60 -18.175 -0.068 0.050 42.755 0.027 -0.020
  53732.10  21.60 -17.971 -0.052 0.044 42.673 0.021 -0.018
  53741.60  31.10 -17.922 -0.124 0.096 42.654 0.050 -0.038
