  53980.30  -8.19 -16.269 -0.025 0.025 41.993 0.010 -0.010
  53984.40  -4.09 -16.484 -0.038 0.037 42.079 0.015 -0.015
  53988.40  -0.09 -16.591 -0.045 0.044 42.121 0.018 -0.018
  53990.40   1.91 -16.611 -0.049 0.048 42.129 0.020 -0.019
  53992.50   4.01 -16.500 -0.050 0.049 42.085 0.020 -0.020
  53995.50   7.01 -16.421 -0.054 0.053 42.053 0.022 -0.021
  53997.50   9.01 -16.321 -0.056 0.055 42.013 0.022 -0.022
  54000.40  11.91 -16.282 -0.071 0.070 41.998 0.029 -0.028
  54002.40  13.91 -16.091 -0.074 0.073 41.921 0.030 -0.029
  54006.50  18.01 -15.902 -0.106 0.102 41.846 0.042 -0.041
