  53963.40 -20.23 -15.240 -0.030 0.023 41.581 0.012 -0.009
  53964.20 -19.43 -15.171 -0.035 0.026 41.554 0.014 -0.010
  53965.10 -18.53 -15.205 -0.050 0.041 41.567 0.020 -0.017
  53966.10 -17.53 -15.537 -0.023 0.017 41.700 0.009 -0.007
  53967.10 -16.53 -15.659 -0.030 0.026 41.748 0.012 -0.010
  53968.20 -15.43 -15.931 -0.025 0.021 41.858 0.010 -0.008
  53969.10 -14.53 -16.160 -0.021 0.017 41.949 0.009 -0.007
  53970.30 -13.33 -16.425 -0.019 0.015 42.055 0.008 -0.006
  53971.10 -12.53 -16.535 -0.019 0.015 42.099 0.007 -0.006
  53972.40 -11.23 -16.713 -0.018 0.015 42.170 0.007 -0.006
  53973.30 -10.33 -16.828 -0.020 0.017 42.216 0.008 -0.007
  53974.20  -9.43 -16.911 -0.021 0.018 42.249 0.008 -0.007
  53975.20  -8.43 -17.015 -0.018 0.015 42.291 0.007 -0.006
  53976.20  -7.43 -17.135 -0.016 0.013 42.339 0.006 -0.005
  53977.20  -6.43 -17.173 -0.018 0.015 42.354 0.007 -0.006
  53978.20  -5.43 -17.213 -0.018 0.015 42.370 0.007 -0.006
  53984.24   0.61 -17.410 -0.019 0.018 42.449 0.008 -0.007
  53987.07   3.44 -17.394 -0.020 0.019 42.443 0.008 -0.007
  53989.33   5.70 -17.260 -0.021 0.020 42.389 0.009 -0.008
  53989.89   6.26 -17.214 -0.023 0.022 42.371 0.009 -0.009
  53990.46   6.83 -17.165 -0.023 0.022 42.351 0.009 -0.009
  53991.02   7.39 -17.155 -0.023 0.022 42.347 0.009 -0.009
  53991.59   7.96 -17.095 -0.023 0.022 42.323 0.009 -0.009
  53993.85  10.22 -16.984 -0.024 0.023 42.279 0.010 -0.009
  53994.41  10.78 -17.009 -0.024 0.023 42.289 0.010 -0.009
  54000.00  16.37 -16.688 -0.026 0.025 42.160 0.010 -0.010
  54002.30  18.67 -16.564 -0.027 0.026 42.111 0.011 -0.010
  54006.20  22.57 -16.352 -0.029 0.028 42.026 0.011 -0.011
  54009.10  25.47 -16.267 -0.028 0.027 41.992 0.011 -0.011
  54011.30  27.67 -16.210 -0.027 0.026 41.969 0.011 -0.010
  54011.90  28.27 -16.129 -0.028 0.027 41.937 0.011 -0.011
  54019.20  35.57 -15.930 -0.028 0.027 41.857 0.011 -0.011
  54020.40  36.77 -15.852 -0.026 0.025 41.826 0.010 -0.010
  54030.00  46.37 -15.664 -0.034 0.033 41.751 0.014 -0.013
  54041.30  57.67 -15.427 -0.050 0.047 41.656 0.020 -0.019
  54044.60  60.97 -15.457 -0.040 0.038 41.668 0.016 -0.015
  54045.80  62.17 -15.545 -0.036 0.034 41.703 0.015 -0.014
  54051.40  67.77 -15.385 -0.046 0.044 41.639 0.018 -0.018
  54054.40  70.77 -15.396 -0.044 0.041 41.644 0.018 -0.017
  54055.40  71.77 -15.327 -0.045 0.042 41.616 0.018 -0.017
  54065.60  81.97 -15.107 -0.049 0.045 41.528 0.020 -0.018
