  53770.40  -9.63 -15.744 -0.039 0.038 41.783 0.016 -0.015
  53776.30  -3.73 -16.801 -0.026 0.025 42.205 0.010 -0.010
  53777.30  -2.73 -16.863 -0.026 0.025 42.230 0.010 -0.010
  53779.30  -0.73 -16.916 -0.028 0.027 42.251 0.011 -0.011
  53786.30   6.27 -16.707 -0.012 0.012 42.168 0.005 -0.005
  53787.30   7.27 -16.660 -0.013 0.012 42.149 0.005 -0.005
  53788.30   8.27 -16.603 -0.013 0.013 42.126 0.005 -0.005
  53794.30  14.27 -16.344 -0.023 0.023 42.023 0.009 -0.009
  53797.30  17.27 -16.269 -0.052 0.052 41.993 0.021 -0.021
  53798.30  18.27 -16.217 -0.025 0.025 41.972 0.010 -0.010
  53800.30  20.27 -16.123 -0.048 0.047 41.934 0.019 -0.019
  53803.30  23.27 -15.998 -0.060 0.059 41.884 0.024 -0.024
  53807.30  27.27 -15.820 -0.081 0.080 41.813 0.033 -0.032
  53808.20  28.17 -15.784 -0.061 0.060 41.799 0.025 -0.024
  53811.30  31.27 -15.653 -0.056 0.055 41.746 0.022 -0.022
  53815.20  35.17 -15.566 -0.048 0.047 41.711 0.019 -0.019
  53817.20  37.17 -15.486 -0.068 0.066 41.680 0.027 -0.027
  53818.20  38.17 -15.441 -0.096 0.093 41.661 0.039 -0.037
  53827.20  47.17 -15.311 -0.051 0.050 41.609 0.021 -0.020
  53828.20  48.17 -15.301 -0.065 0.063 41.605 0.026 -0.025
  53831.20  51.17 -15.133 -0.090 0.087 41.538 0.036 -0.035
  53832.20  52.17 -15.132 -0.053 0.052 41.538 0.021 -0.021
  53833.10  53.07 -15.201 -0.059 0.058 41.566 0.024 -0.023
  53837.20  57.17 -15.032 -0.053 0.052 41.498 0.021 -0.021
  53840.20  60.17 -14.949 -0.224 0.204 41.465 0.089 -0.082
  53841.20  61.17 -14.962 -0.053 0.052 41.470 0.021 -0.021
  53843.20  63.17 -14.911 -0.040 0.039 41.450 0.016 -0.016
  53845.20  65.17 -14.865 -0.041 0.040 41.431 0.016 -0.016
