  53788.21  -8.55 -17.504 -0.028 0.026 42.487 0.011 -0.010
  53789.22  -7.55 -17.806 -0.030 0.029 42.608 0.012 -0.011
  53790.21  -6.55 -17.997 -0.040 0.034 42.684 0.016 -0.014
  53791.20  -5.56 -18.219 -0.025 0.024 42.772 0.010 -0.010
  53792.21  -4.56 -18.369 -0.026 0.025 42.833 0.010 -0.010
  53794.14  -2.62 -18.577 -0.028 0.026 42.916 0.011 -0.010
  53795.15  -1.61 -18.629 -0.034 0.032 42.937 0.013 -0.013
  53796.19  -0.57 -18.667 -0.042 0.039 42.952 0.017 -0.015
  53797.15   0.39 -18.650 -0.034 0.032 42.945 0.013 -0.013
  53799.17   2.41 -18.594 -0.042 0.040 42.923 0.017 -0.016
  53800.13   3.36 -18.541 -0.038 0.037 42.901 0.015 -0.015
  53801.12   4.36 -18.492 -0.043 0.042 42.882 0.017 -0.017
  53803.15   6.38 -18.343 -0.052 0.050 42.822 0.021 -0.020
  53810.14  13.37 -17.852 -0.067 0.065 42.626 0.027 -0.026
  53813.13  16.37 -17.758 -0.067 0.066 42.588 0.027 -0.026
