  54111.40  -5.88 -17.702 -0.012 0.009 42.566 0.005 -0.004
  54114.40  -2.88 -17.832 -0.011 0.008 42.618 0.004 -0.003
  54115.40  -1.88 -17.797 -0.013 0.010 42.604 0.005 -0.004
  54116.40  -0.88 -17.834 -0.014 0.011 42.619 0.006 -0.005
  54117.40   0.12 -17.869 -0.015 0.012 42.633 0.006 -0.005
  54118.40   1.12 -17.864 -0.014 0.011 42.631 0.005 -0.004
  54122.40   5.12 -17.644 -0.019 0.017 42.543 0.008 -0.007
  54123.40   6.12 -17.625 -0.021 0.019 42.535 0.009 -0.007
  54124.40   7.12 -17.469 -0.024 0.022 42.473 0.010 -0.009
  54125.40   8.12 -17.421 -0.020 0.018 42.453 0.008 -0.007
  54126.55   9.27 -17.372 -0.030 0.027 42.434 0.012 -0.011
  54128.45  11.17 -17.110 -0.027 0.024 42.329 0.011 -0.009
  54129.50  12.22 -17.111 -0.029 0.027 42.329 0.012 -0.011
  54134.40  17.12 -16.807 -0.037 0.033 42.208 0.015 -0.013
  54135.40  18.12 -16.771 -0.034 0.031 42.194 0.014 -0.012
  54136.40  19.12 -16.686 -0.032 0.029 42.159 0.013 -0.012
  54146.35  29.07 -16.334 -0.035 0.031 42.019 0.014 -0.012
  54147.30  30.02 -16.241 -0.029 0.026 41.981 0.012 -0.010
  54148.30  31.02 -16.227 -0.027 0.024 41.976 0.011 -0.010
  54149.30  32.02 -16.111 -0.041 0.035 41.929 0.016 -0.014
  54153.30  36.02 -16.101 -0.032 0.028 41.925 0.012 -0.011
  54156.40  39.12 -16.086 -0.029 0.026 41.919 0.012 -0.011
