  54436.59  -2.48 -18.902 -0.010 0.010 43.046 0.004 -0.004
  54438.66  -0.42 -18.972 -0.059 0.053 43.074 0.023 -0.021
  54444.53   5.46 -18.751 -0.010 0.010 42.985 0.004 -0.004
  54445.55   6.48 -18.717 -0.014 0.014 42.972 0.006 -0.006
  54446.53   7.46 -18.641 -0.017 0.016 42.941 0.007 -0.007
  54452.55  13.48 -18.269 -0.034 0.033 42.793 0.013 -0.013
  54453.56  14.49 -18.220 -0.021 0.021 42.773 0.009 -0.008
  54456.57  17.50 -18.015 -0.024 0.024 42.691 0.009 -0.009
  54458.60  19.53 -17.948 -0.118 0.113 42.664 0.047 -0.045
  54459.57  20.50 -17.827 -0.054 0.053 42.616 0.022 -0.021
  54460.58  21.51 -17.728 -0.023 0.023 42.576 0.009 -0.009
  54464.56  25.49 -17.485 -0.028 0.028 42.479 0.011 -0.011
  54465.53  26.46 -17.442 -0.040 0.039 42.462 0.016 -0.016
  54469.54  30.47 -17.247 -0.022 0.022 42.384 0.009 -0.009
  54486.54  47.47 -16.628 -0.043 0.042 42.136 0.017 -0.017
  54489.56  50.49 -16.459 -0.028 0.027 42.069 0.011 -0.011
  54499.56  60.48 -16.270 -0.067 0.064 41.993 0.027 -0.026
