  54471.15  -6.22 -17.783 -0.024 0.010 42.598 0.010 -0.004
  54471.49  -5.88 -18.033 -0.003 -0.001 42.698 0.001 0.000
  54474.71  -2.66 -18.266 -0.014 0.011 42.791 0.006 -0.004
  54479.01   1.64 -18.209 -0.006 0.005 42.769 0.002 -0.002
  54479.93   2.56 -18.274 -0.007 0.007 42.795 0.003 -0.003
  54481.02   3.65 -18.232 -0.008 0.007 42.778 0.003 -0.003
  54481.99   4.62 -18.253 -0.004 0.004 42.786 0.002 -0.002
  54493.74  16.37 -17.431 -0.008 0.008 42.457 0.003 -0.003
  54494.93  17.56 -17.312 -0.022 0.022 42.410 0.009 -0.009
  54496.82  19.45 -17.245 -0.021 0.021 42.383 0.009 -0.008
  54497.74  20.37 -17.205 -0.017 0.016 42.367 0.007 -0.007
  54499.74  22.37 -17.091 -0.021 0.021 42.322 0.009 -0.008
  54500.91  23.54 -17.019 -0.041 0.039 42.293 0.016 -0.016
  54505.78  28.41 -16.856 -0.031 0.030 42.227 0.013 -0.012
  54511.89  34.52 -16.673 -0.026 0.025 42.154 0.010 -0.010
  54514.74  37.37 -16.558 -0.027 0.026 42.108 0.011 -0.011
  54519.67  42.30 -16.292 -0.054 0.052 42.002 0.022 -0.021
  54520.65  43.28 -16.400 -0.036 0.035 42.045 0.014 -0.014
  54525.74  48.37 -16.352 -0.036 0.035 42.026 0.015 -0.014
  54528.75  51.38 -16.296 -0.052 0.050 42.003 0.021 -0.020
  54530.83  53.46 -16.282 -0.049 0.047 41.998 0.020 -0.019
  54532.91  55.54 -16.284 -0.043 0.041 41.999 0.017 -0.017
  54542.49  65.12 -16.140 -0.028 0.028 41.941 0.011 -0.011
