  54150.03 -13.59 -14.853 -0.020 0.018 41.426 0.008 -0.007
  54153.01 -10.61 -15.287 -0.021 0.019 41.600 0.008 -0.007
  54154.01  -9.61 -15.432 -0.006 0.006 41.658 0.002 -0.002
  54155.02  -8.60 -15.579 -0.016 0.014 41.717 0.006 -0.006
  54156.01  -7.61 -15.716 -0.021 0.019 41.771 0.008 -0.007
  54158.02  -5.60 -15.995 -0.006 0.005 41.883 0.002 -0.002
  54159.02  -4.60 -16.086 -0.006 0.005 41.919 0.002 -0.002
  54160.01  -3.61 -16.153 -0.006 0.006 41.946 0.002 -0.002
  54161.00  -2.62 -16.205 -0.006 0.006 41.967 0.003 -0.002
  54163.01  -0.61 -16.296 -0.007 0.007 42.003 0.003 -0.003
  54165.00   1.38 -16.306 -0.008 0.008 42.008 0.003 -0.003
  54166.02   2.40 -16.275 -0.009 0.008 41.995 0.003 -0.003
  54169.00   5.38 -16.095 -0.011 0.011 41.923 0.004 -0.004
  54170.00   6.38 -16.023 -0.012 0.012 41.894 0.005 -0.005
  54171.01   7.39 -15.948 -0.031 0.030 41.864 0.013 -0.012
  54174.00  10.38 -15.736 -0.015 0.015 41.779 0.006 -0.006
  54178.99  15.37 -15.502 -0.018 0.017 41.686 0.007 -0.007
  54185.00  21.38 -15.254 -0.018 0.018 41.587 0.007 -0.007
  54189.99  26.37 -15.110 -0.018 0.018 41.529 0.007 -0.007
  54193.98  30.36 -15.006 -0.018 0.018 41.487 0.007 -0.007
  54196.98  33.36 -14.933 -0.044 0.043 41.458 0.018 -0.017
