  54330.13  -7.26 -16.428 -0.018 0.016 42.056 0.007 -0.006
  54332.19  -5.21 -16.718 -0.017 0.017 42.172 0.007 -0.007
  54333.23  -4.17 -16.840 -0.020 0.019 42.221 0.008 -0.008
  54334.16  -3.23 -16.904 -0.017 0.016 42.247 0.007 -0.007
  54335.24  -2.16 -16.900 -0.031 0.029 42.245 0.012 -0.011
  54336.05  -1.34 -16.976 -0.013 0.013 42.276 0.005 -0.005
  54338.06   0.67 -16.981 -0.015 0.014 42.277 0.006 -0.006
  54339.01   1.62 -16.963 -0.021 0.020 42.270 0.008 -0.008
  54341.94   4.55 -16.886 -0.027 0.026 42.240 0.011 -0.010
  54343.78   6.38 -16.765 -0.084 0.077 42.191 0.033 -0.031
  54346.77   9.37 -16.608 -0.139 0.125 42.128 0.056 -0.050
  54350.08  12.68 -16.464 -0.030 0.029 42.071 0.012 -0.012
  54353.17  15.77 -16.247 -0.032 0.032 41.984 0.013 -0.013
  54354.84  17.44 -16.156 -0.094 0.090 41.947 0.038 -0.036
  54356.10  18.70 -16.049 -0.031 0.031 41.905 0.013 -0.012
  54357.06  19.66 -15.982 -0.030 0.029 41.878 0.012 -0.012
  54358.05  20.65 -15.944 -0.031 0.031 41.863 0.012 -0.012
  54359.05  21.65 -15.874 -0.046 0.045 41.834 0.018 -0.018
  54360.04  22.65 -15.874 -0.024 0.024 41.835 0.010 -0.009
  54361.94  24.54 -15.739 -0.035 0.035 41.781 0.014 -0.014
  54363.10  25.70 -15.694 -0.025 0.025 41.763 0.010 -0.010
  54363.97  26.58 -15.669 -0.033 0.032 41.753 0.013 -0.013
  54365.14  27.74 -15.625 -0.029 0.029 41.735 0.012 -0.011
  54368.06  30.66 -15.557 -0.037 0.036 41.708 0.015 -0.015
  54369.93  32.53 -15.506 -0.031 0.031 41.687 0.013 -0.012
  54371.07  33.67 -15.476 -0.034 0.033 41.676 0.014 -0.013
  54373.10  35.70 -15.375 -0.029 0.029 41.635 0.012 -0.012
  54375.03  37.63 -15.350 -0.033 0.033 41.625 0.013 -0.013
  54381.01  43.61 -15.285 -0.033 0.032 41.599 0.013 -0.013
  54382.08  44.68 -15.242 -0.031 0.030 41.582 0.012 -0.012
  54383.07  45.67 -15.249 -0.027 0.027 41.584 0.011 -0.011
  54384.07  46.67 -15.248 -0.030 0.029 41.584 0.012 -0.012
  54385.13  47.73 -15.239 -0.027 0.027 41.581 0.011 -0.011
  54389.05  51.65 -15.195 -0.029 0.028 41.563 0.011 -0.011
  54389.90  52.50 -15.140 -0.029 0.028 41.541 0.011 -0.011
  54392.10  54.70 -15.143 -0.026 0.026 41.542 0.011 -0.011
  54394.02  56.62 -15.075 -0.031 0.031 41.515 0.013 -0.012
  54396.02  58.62 -15.067 -0.025 0.024 41.512 0.010 -0.010
  54397.98  60.58 -15.024 -0.030 0.030 41.495 0.012 -0.012
  54402.08  64.68 -14.981 -0.030 0.030 41.477 0.012 -0.012
  54403.08  65.68 -14.962 -0.027 0.027 41.470 0.011 -0.011
  54406.20  68.80 -14.952 -0.026 0.026 41.466 0.011 -0.010
  54410.20  72.80 -14.848 -0.026 0.026 41.424 0.011 -0.010
  54417.08  79.68 -14.723 -0.029 0.028 41.374 0.012 -0.011
  54418.06  80.66 -14.730 -0.040 0.039 41.377 0.016 -0.016
  54425.13  87.73 -14.620 -0.041 0.040 41.333 0.016 -0.016
  54431.94  94.54 -14.496 -0.035 0.034 41.283 0.014 -0.014
