  54531.08 -17.70 -14.705 -0.128 0.114 41.367 0.051 -0.045
  54532.03 -16.75 -14.925 -0.044 0.042 41.455 0.018 -0.017
  54533.06 -15.72 -15.340 -0.026 0.025 41.621 0.010 -0.010
  54534.07 -14.71 -15.696 -0.022 0.021 41.763 0.009 -0.008
  54535.10 -13.68 -15.975 -0.020 0.019 41.875 0.008 -0.008
  54535.99 -12.79 -16.180 -0.020 0.019 41.957 0.008 -0.008
  54537.03 -11.75 -16.446 -0.018 0.018 42.063 0.007 -0.007
  54539.26  -9.52 -16.803 -0.024 0.022 42.206 0.009 -0.009
  54539.92  -8.86 -16.970 -0.016 0.015 42.273 0.006 -0.006
  54540.90  -7.88 -17.154 -0.014 0.013 42.347 0.006 -0.005
  54541.91  -6.87 -17.181 -0.022 0.020 42.358 0.009 -0.008
  54543.05  -5.73 -17.325 -0.017 0.016 42.415 0.007 -0.006
  54543.89  -4.89 -17.404 -0.013 0.013 42.447 0.005 -0.005
  54545.89  -2.89 -17.548 -0.009 0.009 42.504 0.004 -0.004
  54546.86  -1.92 -17.552 -0.019 0.018 42.506 0.008 -0.007
  54550.81   2.03 -17.581 -0.014 0.014 42.517 0.006 -0.006
  54552.03   3.25 -17.545 -0.012 0.012 42.503 0.005 -0.005
  54552.93   4.15 -17.440 -0.026 0.025 42.461 0.010 -0.010
  54553.92   5.14 -17.308 -0.053 0.048 42.408 0.021 -0.019
  54555.02   6.24 -17.258 -0.040 0.038 42.388 0.016 -0.015
  54555.97   7.19 -17.104 -0.034 0.033 42.327 0.014 -0.013
  54556.89   8.11 -17.030 -0.026 0.025 42.297 0.010 -0.010
  54557.84   9.06 -16.870 -0.034 0.033 42.233 0.013 -0.013
  54559.00  10.22 -16.752 -0.033 0.032 42.186 0.013 -0.013
  54560.04  11.26 -16.736 -0.034 0.034 42.180 0.014 -0.013
  54561.16  12.37 -16.677 -0.041 0.040 42.156 0.016 -0.016
  54561.88  13.10 -16.651 -0.037 0.036 42.145 0.015 -0.014
  54562.90  14.12 -16.636 -0.042 0.041 42.139 0.017 -0.017
  54563.97  15.19 -16.634 -0.058 0.057 42.139 0.023 -0.023
  54568.86  20.08 -16.401 -0.040 0.038 42.046 0.016 -0.016
  54570.87  22.09 -16.347 -0.041 0.040 42.024 0.016 -0.016
  54571.25  22.47 -16.302 -0.036 0.035 42.006 0.014 -0.014
  54571.87  23.09 -16.319 -0.041 0.041 42.013 0.017 -0.016
  54581.85  33.07 -16.094 -0.050 0.049 41.923 0.020 -0.019
  54587.97  39.19 -16.011 -0.032 0.032 41.889 0.013 -0.013
  54588.88  40.10 -15.892 -0.041 0.040 41.842 0.017 -0.016
  54596.89  48.11 -15.835 -0.025 0.025 41.819 0.010 -0.010
  54600.97  52.19 -15.705 -0.077 0.074 41.767 0.031 -0.030
  54601.84  53.06 -15.603 -0.041 0.040 41.726 0.016 -0.016
  54612.82  64.04 -15.482 -0.037 0.036 41.678 0.015 -0.015
  54615.91  67.13 -15.452 -0.044 0.043 41.666 0.018 -0.017
