  54475.41 -17.06 -16.007 -0.022 0.021 41.888 0.009 -0.008
  54476.43 -16.04 -16.018 -0.024 0.022 41.892 0.009 -0.009
  54477.39 -15.08 -15.959 -0.020 0.019 41.869 0.008 -0.008
  54478.40 -14.07 -15.899 -0.023 0.022 41.845 0.009 -0.009
  54479.43 -13.04 -15.993 -0.030 0.028 41.882 0.012 -0.011
  54480.41 -12.06 -15.927 -0.036 0.034 41.856 0.014 -0.014
  54481.47 -11.00 -16.151 -0.041 0.037 41.946 0.016 -0.015
  54482.41 -10.06 -16.270 -0.039 0.037 41.993 0.016 -0.015
  54483.32  -9.15 -16.339 -0.042 0.040 42.021 0.017 -0.016
  54484.36  -8.11 -16.511 -0.033 0.032 42.089 0.013 -0.013
  54485.34  -7.13 -16.670 -0.038 0.036 42.153 0.015 -0.015
  54489.41  -3.06 -16.714 -0.044 0.042 42.171 0.018 -0.017
  54495.37   2.90 -16.948 -0.034 0.032 42.264 0.013 -0.013
  54496.34   3.87 -16.868 -0.033 0.032 42.232 0.013 -0.013
  54497.40   4.93 -16.810 -0.035 0.034 42.209 0.014 -0.013
  54498.31   5.84 -16.797 -0.042 0.040 42.204 0.017 -0.016
  54499.36   6.89 -16.743 -0.033 0.032 42.182 0.013 -0.013
  54501.42   8.95 -16.612 -0.047 0.045 42.130 0.019 -0.018
  54502.40   9.93 -16.584 -0.038 0.038 42.118 0.015 -0.015
  54503.37  10.90 -16.509 -0.042 0.041 42.089 0.017 -0.017
  54504.37  11.90 -16.462 -0.043 0.042 42.070 0.018 -0.017
  54505.33  12.86 -16.442 -0.046 0.045 42.062 0.018 -0.018
  54507.32  14.85 -16.306 -0.064 0.062 42.007 0.026 -0.025
  54509.29  16.82 -16.236 -0.052 0.050 41.979 0.021 -0.020
