  55100.00 -20.61 -14.260 -0.251 0.173 41.189 0.101 -0.069
  55100.61 -20.00 -14.259 -0.047 0.046 41.189 0.019 -0.018
  55101.11 -19.50 -14.996 -0.270 0.159 41.483 0.108 -0.063
  55103.08 -17.53 -15.555 -0.036 0.034 41.707 0.014 -0.014
  55103.67 -16.94 -15.835 -0.016 0.016 41.819 0.006 -0.006
  55104.08 -16.53 -15.935 -0.034 0.032 41.859 0.013 -0.013
  55104.67 -15.94 -16.142 -0.014 0.014 41.942 0.005 -0.005
  55105.10 -15.51 -16.258 -0.032 0.030 41.988 0.013 -0.012
  55105.55 -15.06 -16.407 -0.031 0.029 42.048 0.012 -0.012
  55106.14 -14.48 -16.483 -0.018 0.018 42.078 0.007 -0.007
  55107.76 -12.85 -16.928 -0.019 0.018 42.256 0.008 -0.007
  55108.12 -12.49 -16.949 -0.030 0.028 42.265 0.012 -0.011
  55108.69 -11.92 -17.082 -0.018 0.018 42.318 0.007 -0.007
  55109.01 -11.60 -17.095 -0.019 0.018 42.323 0.008 -0.007
  55109.83 -10.78 -17.323 -0.062 0.054 42.414 0.025 -0.021
  55110.87  -9.74 -17.386 -0.009 0.009 42.439 0.004 -0.003
  55111.81  -8.80 -17.438 -0.093 0.078 42.460 0.037 -0.031
  55112.07  -8.54 -17.489 -0.021 0.020 42.481 0.008 -0.008
  55112.62  -7.99 -17.587 -0.016 0.016 42.520 0.007 -0.006
  55112.98  -7.64 -17.587 -0.007 0.007 42.520 0.003 -0.003
  55114.14  -6.47 -17.652 -0.050 0.046 42.546 0.020 -0.018
  55114.89  -5.72 -17.670 -0.004 0.004 42.553 0.002 -0.002
  55116.05  -4.56 -17.754 -0.007 0.007 42.587 0.003 -0.003
  55116.90  -3.71 -17.793 -0.008 0.008 42.602 0.003 -0.003
  55117.13  -3.48 -17.787 -0.027 0.026 42.600 0.011 -0.010
  55117.98  -2.63 -17.816 -0.017 0.017 42.611 0.007 -0.007
  55118.82  -1.79 -17.820 -0.008 0.008 42.613 0.003 -0.003
  55119.10  -1.51 -17.814 -0.028 0.027 42.611 0.011 -0.011
  55119.62  -0.99 -17.833 -0.014 0.014 42.618 0.006 -0.006
  55120.88   0.27 -17.828 -0.016 0.015 42.616 0.006 -0.006
  55122.03   1.42 -17.833 -0.015 0.015 42.618 0.006 -0.006
  55122.87   2.26 -17.841 -0.010 0.010 42.622 0.004 -0.004
  55124.12   3.51 -17.805 -0.010 0.010 42.607 0.004 -0.004
  55125.02   4.41 -17.741 -0.013 0.013 42.581 0.005 -0.005
  55126.67   6.06 -17.716 -0.015 0.015 42.571 0.006 -0.006
  55127.84   7.23 -17.664 -0.012 0.012 42.551 0.005 -0.005
  55128.07   7.46 -17.637 -0.012 0.012 42.540 0.005 -0.005
  55128.77   8.15 -17.652 -0.017 0.017 42.546 0.007 -0.007
  55129.04   8.43 -17.623 -0.031 0.030 42.534 0.013 -0.012
  55131.04  10.43 -17.533 -0.015 0.015 42.498 0.006 -0.006
  55131.79  11.18 -17.510 -0.031 0.031 42.489 0.013 -0.012
  55132.10  11.49 -17.457 -0.047 0.046 42.468 0.019 -0.018
  55133.02  12.41 -17.382 -0.044 0.043 42.438 0.018 -0.017
  55135.69  15.08 -17.297 -0.026 0.025 42.404 0.010 -0.010
  55137.02  16.41 -17.187 -0.027 0.027 42.360 0.011 -0.011
  55138.04  17.43 -17.127 -0.036 0.036 42.336 0.015 -0.014
  55138.83  18.22 -17.139 -0.012 0.012 42.341 0.005 -0.005
  55139.88  19.27 -17.067 -0.019 0.019 42.312 0.007 -0.007
  55141.02  20.41 -17.013 -0.051 0.050 42.290 0.020 -0.020
  55141.55  20.94 -17.008 -0.038 0.038 42.288 0.015 -0.015
  55144.06  23.45 -16.905 -0.045 0.044 42.247 0.018 -0.018
  55145.65  25.03 -16.882 -0.038 0.038 42.238 0.015 -0.015
  55146.83  26.22 -16.768 -0.014 0.014 42.192 0.006 -0.006
  55147.04  26.43 -16.772 -0.049 0.048 42.194 0.019 -0.019
  55148.91  28.30 -16.702 -0.024 0.023 42.166 0.010 -0.009
  55149.56  28.95 -16.691 -0.059 0.057 42.161 0.023 -0.023
  55152.66  32.04 -16.599 -0.059 0.057 42.125 0.023 -0.023
  55153.98  33.36 -16.601 -0.046 0.045 42.125 0.019 -0.018
  55156.71  36.10 -16.494 -0.058 0.057 42.083 0.023 -0.023
  55157.02  36.41 -16.506 -0.030 0.030 42.087 0.012 -0.012
  55157.76  37.15 -16.505 -0.016 0.016 42.087 0.006 -0.006
  55158.85  38.24 -16.432 -0.040 0.039 42.058 0.016 -0.016
  55159.06  38.45 -16.446 -0.214 0.194 42.063 0.086 -0.078
  55160.55  39.94 -16.407 -0.058 0.056 42.048 0.023 -0.022
  55162.03  41.42 -16.385 -0.065 0.063 42.039 0.026 -0.025
  55165.69  45.08 -16.300 -0.057 0.055 42.005 0.023 -0.022
  55166.82  46.21 -16.251 -0.044 0.043 41.985 0.018 -0.017
  55168.53  47.92 -16.243 -0.056 0.055 41.982 0.022 -0.022
  55171.84  51.23 -16.190 -0.086 0.082 41.961 0.034 -0.033
