  54916.00  -4.94 -18.095 -0.017 0.015 42.723 0.007 -0.006
  54917.00  -3.94 -18.231 -0.017 0.015 42.777 0.007 -0.006
  54917.20  -3.74 -18.264 -0.016 0.014 42.790 0.006 -0.006
  54918.03  -2.91 -18.328 -0.017 0.016 42.816 0.007 -0.006
  54919.20  -1.74 -18.395 -0.019 0.019 42.843 0.008 -0.007
  54920.03  -0.91 -18.420 -0.019 0.018 42.853 0.008 -0.007
  54921.00   0.06 -18.424 -0.022 0.020 42.855 0.009 -0.008
  54922.00   1.06 -18.431 -0.024 0.022 42.857 0.009 -0.009
  54923.17   2.22 -18.391 -0.026 0.024 42.841 0.010 -0.010
  54924.05   3.11 -18.345 -0.029 0.028 42.823 0.012 -0.011
  54927.10   6.16 -18.181 -0.149 0.126 42.758 0.060 -0.050
  54928.03   7.09 -18.081 -0.039 0.037 42.717 0.016 -0.015
  54929.00   8.06 -18.029 -0.040 0.038 42.697 0.016 -0.015
  54930.00   9.06 -17.946 -0.047 0.046 42.663 0.019 -0.018
  54931.05  10.11 -17.875 -0.044 0.042 42.635 0.018 -0.017
  54932.00  11.06 -17.812 -0.048 0.046 42.610 0.019 -0.019
  54933.05  12.11 -17.713 -0.064 0.061 42.570 0.025 -0.024
  54934.00  13.06 -17.655 -0.048 0.046 42.547 0.019 -0.019
  54935.00  14.06 -17.573 -0.053 0.052 42.514 0.021 -0.021
  54936.00  15.06 -17.499 -0.049 0.048 42.484 0.020 -0.019
  54937.10  16.16 -17.410 -0.077 0.074 42.449 0.031 -0.030
  54938.05  17.11 -17.334 -0.084 0.080 42.419 0.033 -0.032
  54939.00  18.06 -17.264 -0.053 0.051 42.391 0.021 -0.021
  54941.10  20.16 -17.109 -0.052 0.051 42.329 0.021 -0.020
  54942.05  21.11 -17.064 -0.075 0.072 42.311 0.030 -0.029
  54943.00  22.06 -17.001 -0.052 0.051 42.285 0.021 -0.020
  54944.15  23.21 -16.891 -0.069 0.066 42.241 0.027 -0.026
  54946.03  25.09 -16.820 -0.061 0.059 42.213 0.024 -0.024
  54947.05  26.11 -16.776 -0.074 0.071 42.195 0.030 -0.028
  54948.10  27.16 -16.727 -0.055 0.053 42.176 0.022 -0.021
  54950.05  29.11 -16.659 -0.054 0.053 42.148 0.022 -0.021
  54951.00  30.06 -16.656 -0.067 0.064 42.147 0.027 -0.026
  54952.00  31.06 -16.627 -0.061 0.058 42.136 0.024 -0.023
  54953.00  32.06 -16.549 -0.042 0.041 42.105 0.017 -0.016
  54954.00  33.06 -16.548 -0.060 0.057 42.104 0.024 -0.023
  54955.00  34.06 -16.484 -0.064 0.061 42.079 0.026 -0.025
  54956.00  35.06 -16.391 -0.231 0.193 42.041 0.093 -0.077
  54959.00  38.06 -16.353 -0.104 0.097 42.026 0.042 -0.038
  54960.03  39.08 -16.334 -0.082 0.077 42.019 0.033 -0.031
  54961.10  40.16 -16.236 -0.105 0.099 41.979 0.042 -0.040
  54962.00  41.06 -16.294 -0.133 0.120 42.003 0.053 -0.048
  54963.00  42.06 -16.270 -0.116 0.105 41.993 0.047 -0.042
  54964.03  43.09 -16.239 -0.119 0.108 41.981 0.048 -0.043
  54966.00  45.06 -16.195 -0.084 0.080 41.963 0.034 -0.032
  54967.00  46.06 -16.255 -0.083 0.079 41.987 0.033 -0.032
