  55271.03  -6.72 -17.851 -0.005 0.003 42.625 0.002 -0.001
  55271.25  -6.50 -17.686 -0.007 0.005 42.559 0.003 -0.002
  55272.05  -5.70 -17.904 -0.006 0.004 42.646 0.002 -0.002
  55273.06  -4.68 -17.964 -0.008 0.007 42.670 0.003 -0.003
  55274.04  -3.71 -18.181 -0.007 0.006 42.758 0.003 -0.002
  55275.02  -2.73 -18.282 -0.007 0.006 42.798 0.003 -0.002
  55277.03  -0.72 -18.367 -0.016 0.012 42.832 0.006 -0.005
  55280.03   2.28 -18.248 -0.009 0.008 42.784 0.004 -0.003
  55281.03   3.28 -18.150 -0.012 0.010 42.745 0.005 -0.004
  55284.04   6.29 -17.969 -0.014 0.013 42.673 0.006 -0.005
  55285.04   7.29 -17.941 -0.018 0.016 42.661 0.007 -0.006
  55289.08  11.33 -17.457 -0.054 0.048 42.468 0.022 -0.019
  55291.04  13.29 -17.311 -0.035 0.032 42.409 0.014 -0.013
  55295.05  17.30 -17.028 -0.033 0.032 42.296 0.013 -0.013
  55302.05  24.30 -16.313 -0.078 0.073 42.010 0.031 -0.029
