  55715.93 -16.20 -14.727 -0.013 0.012 41.376 0.005 -0.005
  55716.96 -15.16 -14.924 -0.017 0.016 41.454 0.007 -0.007
  55718.03 -14.10 -15.218 -0.009 0.009 41.572 0.003 -0.003
  55719.92 -12.21 -15.793 -0.010 0.010 41.802 0.004 -0.004
  55720.93 -11.20 -15.974 -0.009 0.009 41.874 0.004 -0.004
  55721.92 -10.21 -16.170 -0.006 0.006 41.953 0.003 -0.002
  55722.91  -9.22 -16.329 -0.006 0.006 42.017 0.003 -0.003
  55723.91  -8.22 -16.437 -0.006 0.006 42.060 0.003 -0.003
  55724.91  -7.22 -16.533 -0.022 0.021 42.098 0.009 -0.008
  55725.86  -6.27 -16.580 -0.025 0.024 42.117 0.010 -0.010
  55727.90  -4.23 -16.716 -0.025 0.024 42.171 0.010 -0.010
  55728.89  -3.24 -16.778 -0.011 0.011 42.196 0.004 -0.004
  55729.90  -2.23 -16.803 -0.007 0.007 42.206 0.003 -0.003
  55730.91  -1.22 -16.843 -0.007 0.007 42.222 0.003 -0.003
  55731.32  -0.81 -16.856 -0.026 0.026 42.227 0.011 -0.010
  55731.92  -0.20 -16.834 -0.013 0.013 42.219 0.005 -0.005
  55732.95   0.82 -16.877 -0.029 0.028 42.236 0.012 -0.011
  55734.02   1.89 -16.818 -0.007 0.007 42.212 0.003 -0.003
  55734.94   2.81 -16.838 -0.030 0.029 42.220 0.012 -0.012
  55735.94   3.81 -16.794 -0.032 0.031 42.203 0.013 -0.012
  55736.89   4.76 -16.732 -0.033 0.032 42.178 0.013 -0.013
  55737.97   5.84 -16.661 -0.015 0.015 42.149 0.006 -0.006
  55738.93   6.80 -16.615 -0.016 0.016 42.131 0.006 -0.006
  55739.91   7.78 -16.528 -0.032 0.031 42.096 0.013 -0.012
  55740.94   8.81 -16.475 -0.040 0.039 42.075 0.016 -0.016
  55741.99   9.86 -16.381 -0.041 0.040 42.038 0.017 -0.016
  55742.92  10.79 -16.265 -0.024 0.024 41.991 0.009 -0.009
  55744.92  12.79 -16.200 -0.028 0.028 41.965 0.011 -0.011
  55745.30  13.17 -16.226 -0.046 0.045 41.975 0.018 -0.018
  55745.95  13.82 -16.181 -0.033 0.032 41.958 0.013 -0.013
  55746.94  14.81 -16.139 -0.047 0.046 41.941 0.019 -0.018
  55747.94  15.81 -16.093 -0.030 0.030 41.922 0.012 -0.012
  55749.91  17.78 -15.997 -0.019 0.019 41.884 0.008 -0.008
  55750.92  18.79 -15.974 -0.030 0.030 41.875 0.012 -0.012
  55751.95  19.82 -15.971 -0.049 0.048 41.873 0.019 -0.019
  55752.94  20.81 -15.910 -0.031 0.030 41.849 0.012 -0.012
  55754.90  22.77 -15.834 -0.013 0.013 41.819 0.005 -0.005
  55755.95  23.82 -15.832 -0.021 0.021 41.818 0.008 -0.008
  55756.93  24.80 -15.754 -0.013 0.013 41.787 0.005 -0.005
  55758.95  26.82 -15.745 -0.049 0.048 41.783 0.019 -0.019
  55760.90  28.77 -15.703 -0.013 0.013 41.766 0.005 -0.005
  55761.91  29.78 -15.665 -0.013 0.013 41.751 0.005 -0.005
  55762.28  30.15 -15.692 -0.048 0.048 41.762 0.019 -0.019
  55762.94  30.81 -15.636 -0.013 0.013 41.739 0.005 -0.005
  55764.93  32.80 -15.559 -0.013 0.013 41.709 0.005 -0.005
  55766.93  34.80 -15.566 -0.050 0.049 41.712 0.020 -0.020
  55767.95  35.82 -15.538 -0.050 0.049 41.700 0.020 -0.019
  55770.90  38.77 -15.453 -0.013 0.013 41.666 0.005 -0.005
  55772.89  40.76 -15.416 -0.013 0.013 41.651 0.005 -0.005
  55775.88  43.75 -15.376 -0.013 0.013 41.635 0.005 -0.005
  55776.83  44.70 -15.408 -0.031 0.031 41.648 0.013 -0.012
  55779.90  47.77 -15.313 -0.012 0.012 41.610 0.005 -0.005
  55782.93  50.80 -15.235 -0.012 0.012 41.579 0.005 -0.005
  55783.86  51.73 -15.294 -0.022 0.022 41.603 0.009 -0.009
  55784.27  52.14 -15.290 -0.045 0.044 41.601 0.018 -0.018
  55784.86  52.73 -15.289 -0.020 0.020 41.601 0.008 -0.008
  55787.91  55.78 -15.224 -0.045 0.044 41.575 0.018 -0.018
  55789.88  57.75 -15.145 -0.044 0.043 41.543 0.017 -0.017
  55792.87  60.74 -15.085 -0.012 0.012 41.519 0.005 -0.005
  55794.85  62.72 -15.080 -0.012 0.012 41.517 0.005 -0.005
  55796.87  64.74 -15.086 -0.047 0.046 41.519 0.019 -0.018
  55797.26  65.13 -15.073 -0.044 0.043 41.514 0.018 -0.017
  55797.86  65.73 -15.097 -0.019 0.019 41.524 0.008 -0.008
  55798.83  66.70 -15.034 -0.043 0.042 41.498 0.017 -0.017
  55800.88  68.75 -14.970 -0.028 0.027 41.473 0.011 -0.011
  55802.85  70.72 -14.972 -0.019 0.019 41.474 0.007 -0.007
  55804.83  72.70 -14.941 -0.018 0.018 41.461 0.007 -0.007
