  55879.42  -9.34 -15.370 -0.036 0.034 41.633 0.014 -0.014
  55880.07  -8.69 -15.508 -0.012 0.012 41.688 0.005 -0.005
  55880.27  -8.49 -15.541 -0.046 0.043 41.701 0.018 -0.017
  55880.67  -8.09 -15.641 -0.041 0.039 41.742 0.016 -0.016
  55881.14  -7.62 -15.688 -0.012 0.012 41.760 0.005 -0.005
  55882.05  -6.71 -15.893 -0.013 0.013 41.843 0.005 -0.005
  55882.93  -5.83 -16.033 -0.028 0.027 41.898 0.011 -0.011
  55883.04  -5.72 -16.039 -0.029 0.028 41.901 0.011 -0.011
  55884.07  -4.69 -16.140 -0.031 0.030 41.941 0.013 -0.012
  55885.03  -3.73 -16.224 -0.009 0.009 41.975 0.004 -0.004
  55885.25  -3.51 -16.266 -0.049 0.047 41.992 0.020 -0.019
  55887.06  -1.70 -16.325 -0.054 0.052 42.015 0.021 -0.021
  55888.94   0.18 -16.367 -0.059 0.058 42.032 0.024 -0.023
  55891.06   2.30 -16.346 -0.068 0.066 42.023 0.027 -0.026
  55893.03   4.27 -16.264 -0.020 0.020 41.991 0.008 -0.008
  55895.08   6.32 -16.112 -0.048 0.047 41.930 0.019 -0.019
  55898.08   9.32 -15.894 -0.054 0.053 41.843 0.021 -0.021
  55900.18  11.42 -15.706 -0.051 0.050 41.768 0.020 -0.020
  55901.03  12.27 -15.670 -0.054 0.053 41.753 0.022 -0.021
  55903.06  14.30 -15.527 -0.066 0.065 41.696 0.026 -0.026
  55904.04  15.28 -15.465 -0.066 0.065 41.671 0.026 -0.026
  55905.04  16.28 -15.405 -0.067 0.065 41.647 0.027 -0.026
  55906.12  17.36 -15.344 -0.072 0.071 41.623 0.029 -0.028
  55908.04  19.28 -15.249 -0.065 0.064 41.585 0.026 -0.025
  55910.07  21.31 -15.177 -0.051 0.050 41.556 0.020 -0.020
  55911.06  22.30 -15.134 -0.061 0.060 41.539 0.025 -0.024
  55914.06  25.30 -14.921 -0.112 0.108 41.453 0.045 -0.043
  55916.04  27.28 -14.882 -0.051 0.050 41.438 0.020 -0.020
  55921.05  32.29 -14.632 -0.070 0.068 41.338 0.028 -0.027
