  55663.00 -14.21 -18.114 -0.052 0.047 42.663 0.012 -0.011
  55663.94 -13.27 -18.103 -0.041 0.037 42.704 0.040 -0.031
  55664.94 -12.27 -18.193 -0.038 0.036 42.742 0.027 -0.023
  55665.80 -11.40 -18.218 -0.041 0.038 42.779 0.052 -0.035
  55666.85 -10.35 -18.283 -0.027 0.026 42.801 0.040 -0.029
  55667.31  -9.90 -18.306 -0.035 0.033 42.804 0.014 -0.013
  55669.30  -7.91 -18.380 -0.067 0.061 42.836 0.014 -0.013
  55670.24  -6.97 -18.386 -0.052 0.048 42.847 0.014 -0.013
  55670.89  -6.32 -18.366 -0.046 0.042 42.853 0.014 -0.013
  55672.02  -5.19 -18.439 -0.093 0.082 42.862 0.014 -0.013
  55672.24  -4.97 -18.418 -0.083 0.074 42.863 0.015 -0.013
  55672.85  -4.35 -18.432 -0.059 0.053 42.862 0.018 -0.017
  55673.34  -3.87 -18.453 -0.056 0.052 42.869 0.015 -0.014
  55675.33  -1.88 -18.510 -0.041 0.039 42.873 0.015 -0.014
  55675.82  -1.39 -18.477 -0.046 0.043 42.876 0.024 -0.021
  55676.85  -0.36 -18.465 -0.040 0.038 42.873 0.015 -0.014
  55677.88   0.67 -18.476 -0.028 0.028 42.875 0.021 -0.019
  55683.85   6.64 -18.417 -0.072 0.068 42.849 0.018 -0.017
  55685.81   8.60 -18.401 -0.117 0.105 42.841 0.020 -0.019
  55690.00  12.80 -18.288 -0.073 0.069 42.817 0.019 -0.018
  55693.81  16.61 -18.278 -0.045 0.044 42.795 0.016 -0.016
  55696.83  19.63 -18.224 -0.058 0.056 42.777 0.031 -0.030
  55703.89  26.68 -18.117 -0.045 0.044 42.733 0.022 -0.021
  55704.80  27.59 -17.909 -0.136 0.128 42.729 0.025 -0.024
  55709.91  32.70 -17.994 -0.055 0.053 42.695 0.028 -0.026
  55711.21  34.00 -17.968 -0.089 0.086 42.681 0.025 -0.024
  55717.93  40.72 -17.829 -0.060 0.058 42.626 0.020 -0.020
  55725.25  48.04 -17.710 -0.094 0.091 42.559 0.025 -0.024
  55729.83  52.63 -17.585 -0.093 0.089 42.508 0.027 -0.026
  55736.94  59.73 -17.412 -0.062 0.061 42.460 0.024 -0.023
  55739.86  62.65 -17.384 -0.085 0.082 42.439 0.026 -0.024
  55742.21  65.00 -17.398 -0.090 0.087 42.419 0.024 -0.023
  55743.83  66.62 -17.348 -0.167 0.156 42.408 0.024 -0.023
  55750.83  73.62 -17.189 -0.079 0.075 42.363 0.024 -0.023
  55760.88  83.67 -17.004 -0.072 0.070 42.304 0.048 -0.044
