  56460.75 -14.35 -14.494 -0.026 0.025 41.283 0.011 -0.010
  56461.04 -14.06 -14.576 -0.026 0.026 41.316 0.011 -0.010
  56461.70 -13.41 -14.815 -0.036 0.035 41.411 0.015 -0.014
  56462.11 -13.00 -14.952 -0.027 0.026 41.466 0.011 -0.010
  56462.33 -12.77 -14.981 -0.029 0.028 41.477 0.012 -0.011
  56463.03 -12.07 -15.255 -0.027 0.026 41.587 0.011 -0.011
  56465.07 -10.03 -15.771 -0.024 0.023 41.794 0.009 -0.009
  56467.07  -8.03 -16.140 -0.021 0.021 41.941 0.009 -0.008
  56468.09  -7.01 -16.247 -0.021 0.021 41.984 0.009 -0.008
  56469.07  -6.03 -16.312 -0.022 0.021 42.010 0.009 -0.008
  56470.99  -4.11 -16.462 -0.022 0.021 42.070 0.009 -0.009
  56472.17  -2.94 -16.529 -0.022 0.022 42.096 0.009 -0.009
  56475.02  -0.08 -16.595 -0.025 0.024 42.123 0.010 -0.010
  56476.05   0.95 -16.599 -0.027 0.026 42.125 0.011 -0.010
  56477.24   2.14 -16.578 -0.034 0.033 42.116 0.014 -0.013
  56479.24   4.13 -16.493 -0.032 0.031 42.082 0.013 -0.012
  56479.99   4.89 -16.466 -0.032 0.031 42.071 0.013 -0.013
  56480.24   5.13 -16.441 -0.033 0.033 42.061 0.013 -0.013
  56481.20   6.10 -16.384 -0.035 0.034 42.039 0.014 -0.014
  56482.70   7.59 -16.248 -0.039 0.038 41.984 0.016 -0.015
  56485.20  10.10 -16.032 -0.043 0.042 41.898 0.017 -0.017
  56487.16  12.06 -15.877 -0.045 0.044 41.836 0.018 -0.018
  56488.22  13.11 -15.738 -0.061 0.059 41.780 0.024 -0.024
  56494.21  19.11 -15.393 -0.093 0.090 41.642 0.037 -0.036
  56495.20  20.10 -15.348 -0.065 0.063 41.624 0.026 -0.025
  56499.21  24.11 -15.181 -0.058 0.057 41.557 0.023 -0.022
  56503.74  28.63 -15.039 -0.055 0.053 41.501 0.022 -0.021
  56508.08  32.98 -14.997 -0.059 0.057 41.484 0.024 -0.023
  56510.09  34.99 -14.995 -0.088 0.085 41.483 0.035 -0.034
  56510.97  35.86 -14.944 -0.049 0.048 41.463 0.020 -0.019
  56511.46  36.35 -14.952 -0.064 0.062 41.466 0.025 -0.025
  56512.17  37.07 -14.947 -0.059 0.058 41.464 0.024 -0.023
  56512.42  37.32 -14.945 -0.063 0.062 41.463 0.025 -0.025
  56513.06  37.96 -14.955 -0.055 0.054 41.467 0.022 -0.022
  56514.45  39.35 -14.923 -0.057 0.055 41.454 0.023 -0.022
  56515.07  39.97 -14.895 -0.078 0.076 41.443 0.031 -0.030
  56516.41  41.30 -14.872 -0.056 0.055 41.434 0.022 -0.022
  56517.98  42.88 -14.816 -0.047 0.046 41.411 0.019 -0.019
  56518.42  43.32 -14.829 -0.052 0.051 41.416 0.021 -0.020
  56519.01  43.91 -14.793 -0.055 0.054 41.402 0.022 -0.021
  56524.04  48.94 -14.726 -0.072 0.070 41.376 0.029 -0.028
  56526.41  51.30 -14.720 -0.059 0.058 41.373 0.024 -0.023
  56528.39  53.29 -14.648 -0.057 0.056 41.344 0.023 -0.022
  56529.00  53.90 -14.703 -0.056 0.055 41.366 0.023 -0.022
  56530.01  54.91 -14.690 -0.055 0.054 41.361 0.022 -0.022
