3611.556982343499 1.9037022793444995e+38
3623.1884057971015 2.2475906624504174e+38
3634.8949919224556 2.6841687733919527e+38
3646.6774716369528 3.0490613397489827e+38
3658.5365853658536 3.803418884204639e+38
3670.47308319739 4.0753913847561416e+38
3682.487725040916 3.617575024015662e+38
3694.5812807881775 2.8284284431026785e+38
3706.7545304777586 2.4920821938706914e+38
3719.0082644628096 2.049969218971519e+38
3731.3432835820895 1.7409270519034165e+38
3743.7603993344424 1.5890908892313238e+38
3756.2604340567614 1.5106522821115307e+38
3768.844221105527 1.5229616530039405e+38
3781.5126050420167 1.5106042883976133e+38
3794.266441821247 1.6140794900652587e+38
3807.106598984772 1.931770494729966e+38
3820.033955857385 2.2759357062324183e+38
3833.04940374787 2.755117436036023e+38
3846.153846153846 3.463016705817722e+38
3859.3481989708403 3.881914257058754e+38
3872.6333907056796 4.4147910513246346e+38
3886.0103626943 4.579602539828944e+38
3899.48006932409 4.741968767657848e+38
3913.043478260869 4.767122678587778e+38
3926.7015706806287 4.840901548673047e+38
3940.4553415061287 4.921534761181661e+38
3954.3057996485063 4.991344793578566e+38
3968.253968253968 5.101995516494612e+38
3982.3008849557523 5.0148249220524736e+38
3996.4476021314385 5.014430887147788e+38
4010.6951871657748 4.805440625375238e+38
4025.044722719141 4.671632602127607e+38
4039.4973070017945 4.443689250538412e+38
4054.054054054054 3.9427190206844804e+38
4068.716094032549 3.325775751953607e+38
4083.4845735027225 3.196923328842453e+38
4098.360655737705 3.0441692468142724e+38
4113.345521023765 3.2475950641079355e+38
4128.440366972477 3.33867104098767e+38
4143.646408839779 3.3204068721098335e+38
4158.964879852126 3.139768982336997e+38
4174.397031539888 3.141043424438126e+38
4189.944134078212 3.0756970771537332e+38
4205.607476635513 3.0207200599004475e+38
4221.388367729832 2.8529139421606696e+38
4237.28813559322 3.0294913881471933e+38
4253.308128544423 2.9117556905286704e+38
4269.449715370019 2.980072042839008e+38
4285.714285714285 2.8325234647754083e+38
4302.103250478011 2.4660439532967065e+38
4318.618042226487 2.3104032989765234e+38
4335.260115606937 2.1927311931656664e+38
4352.030947775628 2.3196722695770184e+38
4368.9320388349515 2.4944197635334385e+38
4385.964912280701 2.676260009319224e+38
4403.1311154598825 2.9686592281562505e+38
4420.432220039293 3.3692806640449683e+38
4437.869822485207 3.9312728197116964e+38
4455.445544554455 4.619631506344569e+38
4473.161033797216 5.086475487235911e+38
4491.017964071857 5.599819033764584e+38
4509.018036072143 6.0280468568490066e+38
4527.162977867203 6.297374326279825e+38
4545.454545454544 6.439357946296481e+38
4563.894523326571 6.5800810175838274e+38
4582.4847250509165 6.357677980867012e+38
4601.226993865031 6.113387430033692e+38
4620.1232032854205 5.8211905044701976e+38
4639.1752577319585 5.392112555980697e+38
4658.3850931677025 4.864628174618064e+38
4677.754677754678 3.961902231496437e+38
4697.286012526096 3.542613836828318e+38
4716.981132075471 3.1953404810948355e+38
4736.8421052631575 2.9280803326933868e+38
4756.871035940803 2.551366237048592e+38
4777.070063694267 2.428268811362938e+38
4797.441364605544 2.508285130313286e+38
4817.98715203426 2.6113941739366104e+38
4838.709677419355 2.969717169472304e+38
4859.611231101511 3.2216262653658075e+38
4880.694143167028 2.991252319483403e+38
4901.960784313725 2.7145453140022476e+38
4923.413566739607 2.3457797508995776e+38
4945.054945054944 2.1797985645395427e+38
4966.887417218542 2.1102656281392434e+38
4988.913525498891 2.339489862212461e+38
5011.135857461024 2.5864013848828795e+38
5033.557046979867 2.9444348260935985e+38
5056.179775280899 3.2729914772147237e+38
5079.006772009029 3.552265732590263e+38
5102.040816326529 3.871309228934738e+38
5125.284738041003 4.214929761092652e+38
5148.741418764303 4.472984409358037e+38
5172.413793103448 4.846832643954198e+38
5196.304849884526 5.073941512647259e+38
5220.417633410672 5.3503310496737064e+38
5244.755244755243 5.397693564383615e+38
5269.320843091334 5.404580024547391e+38
5294.117647058824 5.223000681909898e+38
5319.148936170213 5.243049562828333e+38
5344.418052256532 5.220752065350133e+38
5369.928400954654 5.036278926782937e+38
5395.6834532374105 5.036915693678524e+38
5421.686746987952 4.861429545503234e+38
5447.941888619855 4.8244752223261994e+38
5474.452554744525 4.738983928147724e+38
5501.222493887531 4.617797794269899e+38
5528.255528255528 4.6042420308224534e+38
5555.555555555557 4.536532172679422e+38
5583.126550868487 4.309036569554766e+38
5610.972568578554 4.1056426615311385e+38
5639.097744360903 3.960370748167503e+38
5667.506297229218 3.88030845933949e+38
5696.202531645569 3.689360915671203e+38
5725.1908396946565 3.6875176880098036e+38
5754.475703324808 3.738305918908029e+38
5784.061696658098 3.692360949154122e+38
5813.953488372093 3.724184622899546e+38
5844.155844155844 3.8364596838436534e+38
5874.6736292428195 3.8522275818409856e+38
5905.511811023622 3.861197898757084e+38
5936.675461741424 3.698522985129187e+38
5968.169761273209 3.689080230361304e+38
6000.0 3.626748351818386e+38
6032.171581769437 3.550540582815756e+38
6064.6900269541775 3.167771588730606e+38
6097.560975609756 2.716739835952622e+38
6130.7901907356945 2.2786313188306205e+38
6164.383561643836 2.179674247261674e+38
6198.347107438017 2.3928018383899244e+38
6232.686980609417 2.9012739177581482e+38
6267.409470752088 3.421255464381054e+38
6302.521008403361 3.662673618212369e+38
6338.028169014085 3.773142424646065e+38
6373.937677053824 3.8615608392523764e+38
6410.25641025641 3.740485113360135e+38
6446.991404011462 3.598173767287907e+38
6484.149855907781 3.453639900166965e+38
6521.739130434783 3.2620050637744562e+38
6559.766763848396 3.1804254525972257e+38
6598.24046920821 3.1169284920017853e+38
6637.16814159292 3.1091433379284873e+38
6676.557863501484 3.0895492739389288e+38
6716.417910447761 3.1425624048082615e+38
6756.756756756757 3.0862668781255333e+38
6797.583081570997 2.957464405700597e+38
6838.9057750759885 2.8662111444982318e+38
6880.733944954129 2.8607583119781077e+38
6923.076923076923 2.862050774212599e+38
6965.94427244582 2.818352192911234e+38
7009.345794392523 2.8017522924560583e+38
7053.291536050157 2.765694995253665e+38
7097.791798107255 2.713974656822201e+38
7142.857142857143 2.658978887749857e+38
7188.498402555911 2.647147735234836e+38
7234.7266881028945 2.5129568101925843e+38
7281.553398058252 2.5331858574972242e+38
7328.990228013029 2.1613102091868806e+38
7377.049180327868 1.3045478661670559e+38
7425.742574257425 7.557207790528558e+37
7475.0830564784055 7.725004620383708e+37
7525.083612040134 9.672811434707575e+37
7575.757575757576 1.4952221560301561e+38
7627.118644067797 1.943767141570168e+38
7679.180887372014 2.2285148927616052e+38
7731.958762886598 2.3795992286645327e+38
7785.467128027681 2.394215391125442e+38
7839.7212543554 2.4068825362640577e+38
7894.736842105262 2.384032687720795e+38
7950.53003533569 2.3415289402334145e+38
8007.11743772242 2.1253970821777974e+38
8064.516129032258 1.3526747312525423e+38
8122.743682310468 7.194879785057237e+37
8181.818181818183 5.307586002110776e+37
8241.758241758242 5.451746833531633e+37
8302.583025830258 7.153716019764117e+37
8364.312267657991 9.220337193138208e+37
8426.966292134832 1.3360272031139403e+38
8490.566037735849 1.7957272935920666e+38
8555.133079847908 2.0223688764435644e+38
8620.689655172415 2.1473719690260438e+38
8687.258687258687 2.1103780385386526e+38
8754.863813229573 1.996225747413196e+38
8823.529411764706 1.7437223639341656e+38
8893.280632411068 1.4514496889839098e+38
8964.14342629482 1.2115175975126411e+38
9036.144578313253 1.2400122403659924e+38
9109.31174089069 1.4188069690626614e+38
9183.673469387755 1.52223013483337e+38
9259.25925925926 1.556590626256547e+38
9336.09958506224 1.5210405988837332e+38
9414.225941422595 1.489732190211884e+38
9493.67088607595 1.4258890748789357e+38
9574.468085106384 1.3909919237292197e+38
9656.652360515021 1.287777667171583e+38
9740.25974025974 1.247381716523229e+38
9825.327510917032 1.1995194479164353e+38
9911.894273127755 1.127313430360771e+38
10000.0 1.1161473346621092e+38
