3601.440576230492 6.356449832914667e+38
3602.882305844675 6.392157965362373e+38
3604.325190228274 6.438519887526312e+38
3605.7692307692305 6.483408533100193e+38
3607.214428857715 6.51415786334236e+38
3608.6607858861266 6.544753252119869e+38
3610.1083032490974 6.5739408895296534e+38
3611.556982343499 6.60545785036578e+38
3613.0068245684456 6.635527855855447e+38
3614.4578313253014 6.667636698669653e+38
3615.9100040176777 6.6996949204590855e+38
3617.3633440514473 6.733306508655302e+38
3618.8178528347403 6.768094788821899e+38
3620.2735317779566 6.801375064085622e+38
3621.730382293762 6.832221951220352e+38
3623.1884057971015 6.870106418627001e+38
3624.647603705195 6.908175133081542e+38
3626.10797743755 6.94121860454638e+38
3627.5695284159615 6.976806189124079e+38
3629.0322580645156 7.013470127302117e+38
3630.4961678096006 7.047059495299641e+38
3631.961259079903 7.067478333308122e+38
3633.427533306419 7.088823791535843e+38
3634.8949919224556 7.10737039235713e+38
3636.3636363636365 7.125619543273611e+38
3637.8334680679063 7.142961069568401e+38
3639.3044884755354 7.15984145787832e+38
3640.776699029126 7.176974693019593e+38
3642.2501011736135 7.17751206480775e+38
3643.7246963562757 7.171367089400139e+38
3645.200486026731 7.166112524370234e+38
3646.6774716369528 7.160296896973888e+38
3648.1556546412644 7.154530419721472e+38
3649.6350364963505 7.147845711326029e+38
3651.1156186612575 7.138800581585324e+38
3652.597402597402 7.128669335440807e+38
3654.0803897685746 7.115082422501064e+38
3655.564581640942 7.09220771916748e+38
3657.049979683056 7.06858870198512e+38
3658.5365853658536 7.047006456079985e+38
3660.0244001626675 7.022137304172284e+38
3661.513425549227 6.997195178920835e+38
3663.003663003663 6.975808221896635e+38
3664.4951140065145 6.963549288831125e+38
3665.987780040733 6.954902887284058e+38
3667.481662591687 6.944057410358376e+38
3668.9767631471664 6.936089898154808e+38
3670.47308319739 6.926420018962459e+38
3671.9706242350057 6.923370832382031e+38
3673.4693877551017 6.841279073872567e+38
3674.9693752552057 6.743660795669154e+38
3676.470588235294 6.643385624303224e+38
3677.973028197793 6.547438777813134e+38
3679.4766966475872 6.449594282281732e+38
3680.9815950920247 6.352700398276419e+38
3682.487725040916 6.261349965292327e+38
3683.99508800655 6.1663119680669904e+38
3685.503685503685 6.0733588395896695e+38
3687.0135190495694 5.981009002509196e+38
3688.524590163934 5.8923567363611545e+38
3690.0369003690034 5.806726137510756e+38
3691.5504511894997 5.724395028428696e+38
3693.0652441526463 5.636480300976493e+38
3694.5812807881775 5.555697896628365e+38
3696.098562628336 5.483842984484021e+38
3697.6170912078883 5.408745126620296e+38
3699.136868064118 5.339989481474663e+38
3700.657894736842 5.274717002606149e+38
3702.180172768408 5.2027508399913805e+38
3703.7037037037035 5.142240424876182e+38
3705.2284890901606 5.0692088703440316e+38
3706.7545304777586 4.9902866478538595e+38
3708.281829419036 4.912189634628304e+38
3709.8103874690846 4.829037123965611e+38
3711.3402061855672 4.746231009631796e+38
3712.8712871287125 4.670560303675741e+38
3714.4036318613284 4.594475075134046e+38
3715.9372419488027 4.517537904184735e+38
3717.472118959108 4.438971762756787e+38
3719.0082644628096 4.366222515421396e+38
3720.545680033071 4.2870120255194505e+38
3722.0843672456576 4.21393067078532e+38
3723.62432767894 4.142603284019142e+38
3725.1655629139077 4.0699192886097666e+38
3726.708074534161 3.9958926667428975e+38
3728.2518641259317 3.9356652037577845e+38
3729.796933278077 3.871909396911804e+38
3731.3432835820895 3.8155031881823144e+38
3732.8909166321027 3.763144368154082e+38
3734.439834024896 3.716729033805453e+38
3735.9900373599003 3.6792915836724104e+38
3737.541528239202 3.6427593714781446e+38
3739.094308267553 3.613424043455003e+38
3740.648379052369 3.5805502882894225e+38
3742.203742203742 3.566222942205204e+38
3743.7603993344424 3.554229758507058e+38
3745.318352059925 3.547718068245129e+38
3746.8776019983347 3.54312443434545e+38
3748.438150770512 3.54018356586815e+38
3750.0 3.5420995502635225e+38
3751.5631513130465 3.545417013028064e+38
3753.127606338616 3.551164700811849e+38
3754.6933667083854 3.563543573311923e+38
3756.2604340567614 3.570974665199443e+38
3757.8288100208765 3.593731376725982e+38
3759.398496240601 3.614192743096586e+38
3760.969494358546 3.637297842955963e+38
3762.5418060200664 3.661168874003306e+38
3764.115432873275 3.6878727570871955e+38
3765.690376569037 3.7322383879399275e+38
3767.266638760988 3.7771169705580505e+38
3768.844221105527 3.821540812840214e+38
3770.4231252618347 3.870536652470728e+38
3772.003352891869 3.922563120369027e+38
3773.584905660377 3.9795678285943555e+38
3775.1677852348994 4.036756684787822e+38
3776.751993285774 4.094294759384926e+38
3778.337531486146 4.149780786965142e+38
3779.9244015119693 4.209516890139291e+38
3781.5126050420167 4.2711948308564266e+38
3783.102143757881 4.332845410721136e+38
3784.693019343986 4.399510604339975e+38
3786.285233487589 4.467254274488227e+38
3787.878787878788 4.552554821641907e+38
3789.4736842105262 4.637082896659957e+38
3791.069924178601 4.720955301107595e+38
3792.6675094816687 4.805765309654493e+38
3794.266441821247 4.8735195822876536e+38
3795.8667229017296 4.931476794146847e+38
3797.4683544303793 4.9763121056696674e+38
3799.071338117349 5.009369803190007e+38
3800.6756756756754 5.0386042729599594e+38
3802.2813688212927 5.1036236090735336e+38
3803.8884192730343 5.169770257825656e+38
3805.496828752642 5.233720980430761e+38
3807.106598984772 5.3023001815852265e+38
3808.717731696995 5.362791418479626e+38
3810.330228619814 5.4294013414005475e+38
3811.944091486658 5.4855143773887566e+38
3813.5593220338983 5.545866293713548e+38
3815.1759220008475 5.605291848992092e+38
3816.793893129771 5.6680146310928455e+38
3818.413237165889 5.7299923077922356e+38
3820.033955857385 5.793888135227554e+38
3821.6560509554142 5.870004523404243e+38
3823.279524214103 5.9402376935571e+38
3824.9043773905655 6.007826537734812e+38
3826.5306122448974 6.0763376322062776e+38
3828.1582305401953 6.151490117066345e+38
3829.7872340425533 6.2214646282954395e+38
3831.417624521073 6.291807164498244e+38
3833.04940374787 6.363366891314707e+38
3834.6825734980816 6.437055800004713e+38
3836.317135549872 6.5092809279693185e+38
3837.9530916844346 6.585347156425974e+38
3839.590443686007 6.649377431223899e+38
3841.229193341869 6.7140179890703555e+38
3842.869342442357 6.780161736011688e+38
3844.5108927808624 6.844843821787245e+38
3846.153846153846 6.914769049849531e+38
3847.798204360838 6.982724106236297e+38
3849.4439692044475 7.044820371929702e+38
3851.0911424903725 7.10873724496721e+38
3852.739726027397 7.170829740787574e+38
3854.389721627409 7.230518016048137e+38
3856.041131105398 7.288652388547179e+38
3857.6939562794682 7.342930860586886e+38
3859.3481989708403 7.39637513582574e+38
3861.003861003861 7.446504266473402e+38
3862.6609442060085 7.505662408886422e+38
3864.3194504078997 7.562337954824385e+38
3865.979381443299 7.624390893208886e+38
3867.640739149119 7.673574340774479e+38
3869.303525365435 7.735121599813075e+38
3870.9677419354834 7.791963653191864e+38
3872.6333907056796 7.84700027772887e+38
3874.300473525613 7.902292951754066e+38
3875.968992248062 7.961083171165204e+38
3877.6389487289957 8.01294683297133e+38
3879.3103448275856 8.067646593487027e+38
3880.9831824062094 8.120629359677835e+38
3882.657463330457 8.179747940301358e+38
3884.3331894691414 8.232295398642672e+38
3886.0103626943 8.283564342551264e+38
3887.688984881209 8.332973659764698e+38
3889.3690579083836 8.37936532904799e+38
3891.0505836575876 8.422684880673643e+38
3892.7335640138404 8.468994191597837e+38
3894.4180008654253 8.508996443387072e+38
3896.103896103896 8.5497125660797e+38
3897.7912516240795 8.571497165028973e+38
3899.48006932409 8.592069762052715e+38
3901.170351105331 8.611789386586712e+38
3902.862098872506 8.623663213712859e+38
3904.5553145336225 8.627329530675618e+38
3906.25 8.639942600625553e+38
3907.946157186279 8.645453531589896e+38
3909.6437880104254 8.64792905268565e+38
3911.342894393742 8.647726881231343e+38
3913.043478260869 8.646607615079748e+38
3914.7455415397994 8.638820435752247e+38
3916.4490861618797 8.62242820516227e+38
3918.1541140618197 8.602914528887675e+38
3919.8606271777 8.592862271173252e+38
3921.5686274509803 8.58786641545329e+38
3923.2781168265037 8.586969603322168e+38
3924.9890972525072 8.584951012212448e+38
3926.7015706806287 8.587035239607557e+38
3928.41553906591 8.59095206753478e+38
3930.131004366812 8.595287045833514e+38
3931.847968545216 8.600881127042796e+38
3933.5664335664333 8.6080600879107e+38
3935.286401399213 8.616468872236334e+38
3937.007874015748 8.626372206792842e+38
3938.730853391685 8.630178652545159e+38
3940.4553415061287 8.634049153968688e+38
3942.181340341656 8.639977808207716e+38
3943.9088518843114 8.646749646753544e+38
3945.6378781236294 8.653264823323647e+38
3947.368421052631 8.656898323833313e+38
3949.1004826678363 8.658745181634506e+38
3950.8340649692714 8.658916049258508e+38
3952.569169960474 8.648504844406283e+38
3954.3057996485063 8.63015059703731e+38
3956.0439560439554 8.611952809728328e+38
3957.78364116095 8.605401637486777e+38
3959.5248570171575 8.597678435237028e+38
3961.2676056338028 8.582279773074864e+38
3963.011889035667 8.556322472227112e+38
3964.757709251101 8.529017314086828e+38
3966.5050683120317 8.503274286645738e+38
3968.253968253968 8.478430296334024e+38
3970.004411116012 8.452773218698755e+38
3971.756398940864 8.428459462306696e+38
3973.5099337748343 8.401669259307059e+38
3975.265017667844 8.374891564147945e+38
3977.021652673442 8.356300889313306e+38
3978.779840848806 8.339171610795782e+38
3980.539584254754 8.321423443093768e+38
3982.3008849557523 8.306599575569876e+38
3984.06374501992 8.287627899468411e+38
3985.8281665190434 8.288447908837322e+38
3987.594151528577 8.284125566085967e+38
3989.3617021276596 8.284753394947328e+38
3991.1308203991125 8.281329514707638e+38
3992.9015084294583 8.283076448444038e+38
3994.673768308921 8.283473805263067e+38
3996.4476021314385 8.285875587030463e+38
3998.223011994669 8.285792686633163e+38
4000.0 8.286990567627406e+38
4001.778568252557 8.2904209152003e+38
4003.5587188612094 8.293794510739777e+38
4005.340453938585 8.295521245906734e+38
4007.123775601068 8.287798612405929e+38
4008.908685968819 8.284683837152402e+38
4010.6951871657748 8.267196945561381e+38
4012.4832813196613 8.254295380976682e+38
4014.272970561998 8.24365783260198e+38
4016.0642570281125 8.210031569356842e+38
4017.8571428571427 8.176630686506441e+38
4019.651630192049 8.136805810032868e+38
4021.4477211796248 8.096537149704214e+38
4023.245417970496 8.055330525880916e+38
4025.044722719141 8.013368830093429e+38
4026.8456375838923 7.975893910317894e+38
4028.648164726947 7.931950962864472e+38
4030.452306314375 7.889591705240338e+38
4032.258064516129 7.848964934399094e+38
4034.0654415060512 7.809118642616478e+38
4035.8744394618825 7.772571435154914e+38
4037.685060565276 7.736647592538576e+38
4039.4973070017945 7.703906031784914e+38
4041.3111809609336 7.681537026837743e+38
4043.1266846361186 7.666409700678311e+38
4044.943820224719 7.651776331194067e+38
4046.7625899280574 7.639516896781885e+38
4048.582995951417 7.630873531565992e+38
4050.4050405040507 7.618266037912837e+38
4052.228725799189 7.60626939906354e+38
4054.054054054054 7.597424111739957e+38
4055.8810274898597 7.596458387915363e+38
4057.70964833183 7.59063368903921e+38
4059.5399188092015 7.587833894463975e+38
4061.371841155234 7.585268839847233e+38
4063.2054176072234 7.578918143262805e+38
4065.0406504065036 7.559955049362647e+38
4066.8775417984634 7.542464301349599e+38
4068.716094032549 7.525628337665383e+38
4070.5563093622795 7.508031316704337e+38
4072.3981900452486 7.491060163453735e+38
4074.241738343141 7.473144459642235e+38
4076.086956521739 7.461542402442608e+38
4077.9338468509286 7.453498701038838e+38
4079.782411604714 7.446208054273896e+38
4081.6326530612246 7.443662306748865e+38
4083.4845735027225 7.441679437816554e+38
4085.3381752156147 7.438939922719809e+38
4087.193460490463 7.436677177943502e+38
4089.0504316219894 7.444321088193783e+38
4090.9090909090905 7.45393808449615e+38
4092.769440654843 7.463109622506368e+38
4094.631483166515 7.471378129046503e+38
4096.495220755575 7.479602266009368e+38
4098.360655737705 7.487685146978161e+38
4100.227790432802 7.496439840841969e+38
4102.096627164995 7.502811524166004e+38
4103.967168262654 7.50081907976379e+38
4105.839416058394 7.485066411014394e+38
4107.713372889091 7.471474853854679e+38
4109.58904109589 7.454796179567352e+38
4111.466423024212 7.437931651554486e+38
4113.345521023765 7.422758514550124e+38
4115.226337448559 7.410031222890173e+38
4117.108874656908 7.397131965914849e+38
4118.993135011441 7.386254526533346e+38
4120.879120879121 7.37702355536228e+38
4122.766834631241 7.36761939996951e+38
4124.656278643446 7.353326686503578e+38
4126.547455295736 7.334981545836405e+38
4128.440366972477 7.324771717445452e+38
4130.335016062414 7.323981054142424e+38
4132.231404958678 7.324570315394023e+38
4134.1295360587965 7.326923200330237e+38
4136.029411764705 7.331730839488906e+38
4137.931034482759 7.33665616484548e+38
4139.834406623735 7.341569768418354e+38
4141.739530602853 7.344900106100912e+38
4143.646408839779 7.349116079589717e+38
4145.555043758636 7.354872557309046e+38
4147.465437788018 7.361104751681037e+38
4149.377593360996 7.357849255184993e+38
4151.291512915129 7.34706679536404e+38
4153.207198892477 7.336075859660025e+38
4155.124653739613 7.327712444638076e+38
4157.043879907621 7.317021126941041e+38
4158.964879852126 7.304588787343586e+38
4160.8876560332865 7.295183832134828e+38
4162.8122109158185 7.285088020436515e+38
4164.738546968996 7.273440958149988e+38
4166.666666666666 7.263468009501328e+38
4168.596572487262 7.25524065621564e+38
4170.528266913809 7.248041286576483e+38
4172.461752433936 7.233423701019012e+38
4174.397031539888 7.213145572075455e+38
4176.334106728537 7.199588049627693e+38
4178.272980501392 7.183022850792717e+38
4180.213655364607 7.168784895373474e+38
4182.156133828996 7.156815390877681e+38
4184.100418410041 7.139259676444945e+38
4186.0465116279065 7.10957720343969e+38
4187.994416007445 7.081437549407588e+38
4189.944134078212 7.053049240022049e+38
4191.8956683744755 7.024827241762069e+38
4193.849021435228 6.997994546747995e+38
4195.804195804196 6.966376211191897e+38
4197.761194029851 6.944444339552172e+38
4199.720018665423 6.92863073282367e+38
4201.680672268907 6.914476443270692e+38
4203.643157403083 6.887741271829436e+38
4205.607476635513 6.85828105745751e+38
4207.57363253857 6.831124432930246e+38
4209.541627689428 6.801239000185164e+38
4211.511464670098 6.773412228791726e+38
4213.483146067416 6.744450396995024e+38
4215.456674473067 6.71590997111149e+38
4217.432052483598 6.6861558972896434e+38
4219.4092827004215 6.659810469148463e+38
4221.388367729832 6.6322841720704275e+38
4223.369310183012 6.593880953592917e+38
4225.352112676056 6.553731410240927e+38
4227.336777829967 6.514440501260856e+38
4229.3233082706765 6.482875966130868e+38
4231.311706629055 6.45552839193518e+38
4233.301975540921 6.4251616759562605e+38
4235.294117647059 6.391154460828318e+38
4237.28813559322 6.361387397523337e+38
4239.284032030146 6.330032259845895e+38
4241.281809613572 6.3052173199492914e+38
4243.281471004243 6.280919984319262e+38
4245.2830188679245 6.256345395195487e+38
4247.286455875413 6.2326781160674265e+38
4249.291784702549 6.184454485921452e+38
4251.299008030231 6.139239959674995e+38
4253.308128544423 6.093356210566874e+38
4255.31914893617 6.045546466862284e+38
4257.332071901608 5.9946645967969065e+38
4259.346900141977 5.946043546667037e+38
4261.363636363637 5.898865427665042e+38
4263.382283278067 5.849782375481485e+38
4265.402843601895 5.8024596589223565e+38
4267.425320056898 5.7583223113689494e+38
4269.449715370019 5.70540100143908e+38
4271.476032273375 5.6561165230059965e+38
4273.504273504273 5.610571523386269e+38
4275.5344418052255 5.577070362476216e+38
4277.566539923953 5.5464049584093524e+38
4279.600570613409 5.515370732264112e+38
4281.636536631779 5.482964644126213e+38
4283.674440742503 5.4555502421930085e+38
4285.714285714285 5.423022668707262e+38
4287.756074321105 5.391569985699459e+38
4289.79980934223 5.363893213985044e+38
4291.845493562232 5.339988433995579e+38
4293.893129770992 5.326964062633383e+38
4295.942720763723 5.32259550512175e+38
4297.994269340975 5.321891897352769e+38
4300.047778308647 5.322411956997306e+38
4302.103250478011 5.325230619761862e+38
4304.16068866571 5.330581361947751e+38
4306.2200956937795 5.33970169388945e+38
4308.28147438966 5.353870006290221e+38
4310.344827586207 5.37420932026714e+38
4312.4101581217055 5.398262245223716e+38
4314.477468839884 5.419686627937676e+38
4316.546762589928 5.4477106006825625e+38
4318.618042226487 5.4789127103367046e+38
4320.691310609697 5.512224239476382e+38
4322.766570605188 5.544934001614045e+38
4324.843825084094 5.574427557629952e+38
4326.923076923077 5.6064656611925015e+38
4329.004329004329 5.6338499672524565e+38
4331.087584215592 5.664221010701029e+38
4333.172845450168 5.696494685814716e+38
4335.260115606937 5.729479090892439e+38
4337.349397590361 5.763373658866084e+38
4339.4406943105105 5.8016933232489344e+38
4341.534008683068 5.8431430003629866e+38
4343.629343629344 5.884917903968239e+38
4345.726702076291 5.930350637928321e+38
4347.826086956522 5.973100469962485e+38
4349.9275012083135 6.022727228727328e+38
4352.030947775628 6.068823543098858e+38
4354.136429608127 6.116315021296799e+38
4356.2439496611805 6.164734462842035e+38
4358.353510895883 6.214511619716755e+38
4360.46511627907 6.2628073106529664e+38
4362.578768783325 6.313426072171059e+38
4364.6944713870025 6.3610960450161144e+38
4366.812227074236 6.413577736909841e+38
4368.9320388349515 6.465369884252728e+38
4371.053909664885 6.518936316316599e+38
4373.177842565598 6.573180533089476e+38
4375.303840544482 6.628155974479594e+38
4377.4319066147855 6.68062318687386e+38
4379.56204379562 6.734091595994116e+38
4381.694255111976 6.787218870211679e+38
4383.828543594739 6.83839214046523e+38
4385.964912280701 6.889422618158845e+38
4388.103364212579 6.938646190548018e+38
4390.243902439024 6.986042791974862e+38
4392.386530014642 7.033682684371634e+38
4394.53125 7.080698486702612e+38
4396.6780654616505 7.127295937734387e+38
4398.82697947214 7.173111744912716e+38
4400.9779951100245 7.21828857192124e+38
4403.1311154598825 7.26273803088146e+38
4405.286343612333 7.305412865256392e+38
4407.443682664055 7.346833870865419e+38
4409.603135717784 7.387099771935888e+38
4411.764705882353 7.425126779191727e+38
4413.928396272682 7.461808200101325e+38
4416.094210009814 7.497213359220236e+38
4418.262150220913 7.530219807966874e+38
4420.432220039293 7.563857743438646e+38
4422.604422604422 7.595993607438615e+38
4424.778761061946 7.627367333030433e+38
4426.955238563699 7.657228362463228e+38
4429.133858267716 7.685554279899173e+38
4431.314623338258 7.71304617063714e+38
4433.4975369458125 7.739409042239213e+38
4435.682602267126 7.765190418903066e+38
4437.869822485207 7.79025637224614e+38
4440.059200789344 7.815348707176696e+38
4442.250740375123 7.838546955244935e+38
4444.444444444443 7.860099210170251e+38
4446.640316205534 7.878771306085209e+38
4448.83835887296 7.895364710002218e+38
4451.038575667656 7.910597862924747e+38
4453.240969816922 7.925238373596168e+38
4455.445544554455 7.93825193124537e+38
4457.652303120356 7.951250208945019e+38
4459.86124876115 7.963124364882647e+38
4462.072384729797 7.974520469144539e+38
4464.285714285714 7.982961179694628e+38
4466.501240694789 7.989145949546174e+38
4468.7189672293935 7.99400983977249e+38
4470.938897168406 7.997818259564486e+38
4473.161033797216 8.002427938293157e+38
4475.385380407757 8.005432024520368e+38
4477.611940298507 8.008159041100077e+38
4479.8407167745145 8.010870446267313e+38
4482.07171314741 8.011373515792158e+38
4484.304932735426 8.011888372299033e+38
4486.540378863409 8.010833221424807e+38
4488.7780548628425 8.006889798195737e+38
4491.017964071857 8.004214942424474e+38
4493.260109835246 7.997855837304209e+38
4495.504495504495 7.988899127871837e+38
4497.751124437781 7.979999154973373e+38
4500.0 7.970978278387344e+38
4502.251125562781 7.959187412872778e+38
4504.5045045045035 7.94355257730717e+38
4506.7601402103155 7.923278621390826e+38
4509.018036072143 7.902492682946583e+38
4511.278195488722 7.87995453055053e+38
4513.540621865596 7.857091589063384e+38
4515.805318615153 7.83437896327796e+38
4518.0722891566265 7.811265063112407e+38
4520.341536916122 7.787375875957912e+38
4522.613065326633 7.763877313640421e+38
4524.886877828054 7.740281073212386e+38
4527.162977867203 7.711246157556998e+38
4529.441368897835 7.677332461556038e+38
4531.722054380665 7.645770661575194e+38
4534.005037783375 7.616186400324823e+38
4536.290322580645 7.58672493129415e+38
4538.57791225416 7.557412235570622e+38
4540.867810292633 7.530538766068625e+38
4543.160020191822 7.498836742739383e+38
4545.454545454544 7.471419016017763e+38
4547.751389590702 7.446233474510972e+38
4550.0505561172895 7.423242903072126e+38
4552.352048558422 7.401331279761416e+38
4554.655870445344 7.373712511014265e+38
4556.962025316455 7.349986060875482e+38
4559.270516717324 7.328101564917003e+38
4561.58134820071 7.30312067351393e+38
4563.894523326571 7.281159135245612e+38
4566.210045662099 7.258888128261318e+38
4568.527918781726 7.238321160672147e+38
4570.84814626714 7.219921970483268e+38
4573.170731707317 7.20152718705476e+38
4575.495678698526 7.18495371362402e+38
4577.822990844354 7.167689188569024e+38
4580.152671755724 7.152849639556971e+38
4582.4847250509165 7.145115905152427e+38
4584.819154355579 7.136547601341038e+38
4587.155963302751 7.123549025939791e+38
4589.495155532892 7.112081088145242e+38
4591.836734693877 7.100095651241013e+38
4594.180704441042 7.087219965911361e+38
4596.527068437181 7.07375723987541e+38
4598.87583035258 7.000890840649865e+38
4601.226993865031 6.924407045719927e+38
4603.580562659847 6.848115900324648e+38
4605.936540429887 6.775489392212991e+38
4608.294930875575 6.702245131003766e+38
4610.6557377049185 6.6317661433522065e+38
4613.01896463352 6.563358673506738e+38
4615.384615384616 6.497791651923786e+38
4617.752693689071 6.434505662478124e+38
4620.1232032854205 6.371183060850017e+38
4622.496147919876 6.314019834268817e+38
4624.871531346351 6.262315273255628e+38
4627.249357326478 6.239044995450492e+38
4629.629629629629 6.218893879393733e+38
4632.012352032939 6.1970535830479234e+38
4634.397528321318 6.182268859859963e+38
4636.7851622874805 6.1698824888614945e+38
4639.1752577319585 6.158991874515179e+38
4641.567818463125 6.1492094015786915e+38
4643.962848297213 6.1380064750618696e+38
4646.360351058337 6.135281221961749e+38
4648.760330578512 6.1260642331978574e+38
4651.162790697674 6.122835017695073e+38
4653.567735263702 6.121626032451887e+38
4655.975168132436 6.120587738108295e+38
4658.3850931677025 6.123877236205909e+38
4660.797514241325 6.1277123308438735e+38
4663.21243523316 6.130618815796212e+38
4665.629860031104 6.133981127267498e+38
4668.04979253112 6.138349549582516e+38
4670.47223663726 6.144356234718499e+38
4672.8971962616815 6.156963128563575e+38
4675.324675324676 6.171679082212094e+38
4677.754677754678 6.188012744044424e+38
4680.1872074882995 6.1997010973117425e+38
4682.622268470343 6.2159791341757e+38
4685.059864653826 6.2215364438044654e+38
4687.5 6.155419759935993e+38
4689.942678478375 6.0908927173047936e+38
4692.387904066736 6.02637795297289e+38
4694.835680751173 5.963902198383333e+38
4697.286012526096 5.901995747704571e+38
4699.738903394255 5.8431851816601625e+38
4702.194357366771 5.785553803547023e+38
4704.652378463146 5.732149216806098e+38
4707.112970711297 5.675184466526677e+38
4709.576138147567 5.619283663630218e+38
4712.041884816754 5.559976065631518e+38
4714.510214772132 5.5220962561913396e+38
4716.981132075471 5.505853522948423e+38
4719.454640797064 5.492135676947782e+38
4721.9307450157385 5.472307670032528e+38
4724.4094488188975 5.462757339189928e+38
4726.8907563025205 5.450293510474409e+38
4729.374671571203 5.441767728736017e+38
4731.86119873817 5.4353012613870104e+38
4734.350341925303 5.427201306598632e+38
4736.8421052631575 5.420079248253065e+38
4739.336492890994 5.416791105510934e+38
4741.833508956796 5.415091757682164e+38
4744.3331576172895 5.41373540073628e+38
4746.835443037975 5.409268131309519e+38
4749.34036939314 5.411120703192517e+38
4751.847940865892 5.4038997835817605e+38
4754.358161648177 5.408900416807635e+38
4756.871035940803 5.403260363013452e+38
4759.386567953464 5.405825258502156e+38
4761.904761904761 5.406791249596412e+38
4764.425622022234 5.417577887065856e+38
4766.949152542372 5.43015205772315e+38
4769.475357710652 5.438936209249025e+38
4772.0042417815475 5.4516803326083124e+38
4774.535809018567 5.4652331347207396e+38
4777.070063694267 5.479387010039585e+38
4779.607010090281 5.494208864138942e+38
4782.146652497343 5.515222946473015e+38
4784.68899521531 5.531323431027979e+38
4787.234042553192 5.550013531905168e+38
4789.781798829164 5.573296200674145e+38
4792.332268370607 5.5918959952371954e+38
4794.885455514118 5.609532434673517e+38
4797.441364605544 5.630668202809915e+38
4800.0 5.649811288854533e+38
4802.561366061899 5.668188931397514e+38
4805.125467164977 5.689270122711892e+38
4807.692307692307 5.7110331019043555e+38
4810.261892036344 5.732034877370179e+38
4812.83422459893 5.752339334786173e+38
4815.409309791333 5.770592722649457e+38
4817.98715203426 5.7883140723394196e+38
4820.567755757899 5.808236724758464e+38
4823.15112540193 5.830258411616343e+38
4825.737265415549 5.840942168622327e+38
4828.326180257511 5.7352726669071305e+38
4830.917874396135 5.631078680746641e+38
4833.512352309344 5.526987833693374e+38
4836.109618484686 5.4259465635963674e+38
4838.709677419355 5.326534066441807e+38
4841.312533620226 5.2294299431528714e+38
4843.918191603874 5.134751969388364e+38
4846.526655896608 5.035465706157879e+38
4849.137931034482 4.942397860592693e+38
4851.752021563342 4.849634995725081e+38
4854.368932038834 4.762815854607984e+38
4856.988667026444 4.718305138709855e+38
4859.611231101511 4.6791002944245536e+38
4862.23662884927 4.636642157583419e+38
4864.864864864864 4.602142470341442e+38
4867.49594375338 4.580519743857417e+38
4870.12987012987 4.553028815850614e+38
4872.766648619382 4.534364129414711e+38
4875.406283856988 4.5195982583551485e+38
4878.048780487804 4.513529273101366e+38
4880.694143167028 4.501170404718411e+38
4883.342376559956 4.48987901063098e+38
4885.99348534202 4.49020085152742e+38
4888.647474198804 4.4778198851960094e+38
4891.304347826087 4.47370770006487e+38
4893.964110929853 4.4619381977569364e+38
4896.626768226333 4.4600699143257744e+38
4899.292324442025 4.456815828939082e+38
4901.960784313725 4.452046931457067e+38
4904.632152588556 4.462132127697595e+38
4907.30643402399 4.482699810141726e+38
4909.983633387888 4.501120211716062e+38
4912.663755458515 4.520858376423338e+38
4915.3468050245765 4.5483390214409344e+38
4918.0327868852455 4.5820214083255734e+38
4920.721705850192 4.615480483187611e+38
4923.413566739607 4.658457290858262e+38
4926.1083743842355 4.695254629745899e+38
4928.80613362541 4.7273083950196056e+38
4931.5068493150675 4.755051469345705e+38
4934.210526315789 4.7913109794223354e+38
4936.917169500822 4.823425993933073e+38
4939.626783754115 4.8549874886095924e+38
4942.339373970346 4.890593947297718e+38
4945.054945054944 4.927410099409852e+38
4947.773501924134 4.964048201419209e+38
4950.49504950495 4.998611152875812e+38
4953.219592735278 5.04112111038457e+38
4955.9471365638765 5.083010062302246e+38
4958.677685950413 5.1294782682723336e+38
4961.411245865491 5.1760443425236614e+38
4964.147821290678 5.214885713829895e+38
4966.887417218542 5.242376669194058e+38
4969.630038652678 5.271104124375513e+38
4972.375690607734 5.297282438974504e+38
4975.124378109452 5.320507569020573e+38
4977.876106194691 5.342308293344532e+38
4980.630879911454 5.362414412698424e+38
4983.388704318938 5.3813240931434166e+38
4986.149584487534 5.397914841479523e+38
4988.913525498891 5.413462534240738e+38
4991.680532445923 5.4309038413316504e+38
4994.450610432852 5.454211608404681e+38
4997.223764575236 5.484336013731027e+38
4999.999999999999 5.512085118605677e+38
5002.77932184547 5.54032529656053e+38
5005.561735261401 5.568691098729039e+38
5008.347245409016 5.598631336657591e+38
5011.135857461024 5.632771234379368e+38
5013.927576601671 5.665050293184685e+38
5016.722408026755 5.6976560714553335e+38
5019.52035694367 5.730267409131979e+38
5022.321428571428 5.7595527052784965e+38
5025.125628140702 5.789553361910676e+38
5027.932960893855 5.819304241644036e+38
5030.743432084963 5.848746046135524e+38
5033.557046979867 5.873551806100785e+38
5036.373810856183 5.8983561964864205e+38
5039.193729003359 5.925711725368235e+38
5042.01680672269 5.951822977143071e+38
5044.8430493273545 5.977386286456136e+38
5047.672462142456 6.002904849054164e+38
5050.505050505049 6.0258553674759314e+38
5053.3408197641775 6.048377493060433e+38
5056.179775280899 6.072643044258265e+38
5059.021922428331 6.095843271899979e+38
5061.867266591676 6.116694589629149e+38
5064.715813168261 6.13628057093611e+38
5067.5675675675675 6.155802672099566e+38
5070.422535211268 6.173452052718118e+38
5073.280721533259 6.191413357803716e+38
5076.142131979694 6.210181895105648e+38
5079.006772009029 6.228657900945388e+38
5081.874647092038 6.246686287323976e+38
5084.745762711865 6.262641024414278e+38
5087.620124364047 6.27920243132485e+38
5090.49773755656 6.29523794558648e+38
5093.3786078098465 6.312609519163084e+38
5096.262740656852 6.328124307382786e+38
5099.15014164306 6.340410132406517e+38
5102.040816326529 6.350341135941123e+38
5104.934770277936 6.359031140445453e+38
5107.832009080589 6.36722151927105e+38
5110.732538330494 6.375834513477631e+38
5113.636363636363 6.3847112356317895e+38
5116.543490619671 6.391427739995433e+38
5119.453924914676 6.3976545311728554e+38
5122.367672168469 6.403916117446485e+38
5125.284738041003 6.4104069124432344e+38
5128.205128205127 6.4154792996917785e+38
5131.128848346637 6.420547675901969e+38
5134.055904164289 6.424951173085903e+38
5136.986301369863 6.427511239437008e+38
5139.920045688177 6.4283827135279664e+38
5142.857142857142 6.428866550045688e+38
5145.797598627787 6.428007497754092e+38
5148.741418764303 6.426690569155495e+38
5151.688609044076 6.424703097210614e+38
5154.639175257731 6.421158308871962e+38
5157.59312320917 6.41717542674744e+38
5160.550458715596 6.4115185646154865e+38
5163.5111876075725 6.405372248332884e+38
5166.475315729046 6.3984326011379404e+38
5169.442848937392 6.39084177887578e+38
5172.413793103448 6.383413806776874e+38
5175.388154111559 6.3749529294551245e+38
5178.3659378596085 6.367245583356882e+38
5181.347150259067 6.359368140473214e+38
5184.331797235023 6.3514182686779156e+38
5187.319884726224 6.342420714400762e+38
5190.311418685121 6.335190695314345e+38
5193.306405077899 6.327453884137789e+38
5196.304849884526 6.319470182165285e+38
5199.306759098787 6.314865782030491e+38
5202.312138728324 6.310102319344505e+38
5205.320994794679 6.3069660826244054e+38
5208.333333333334 6.3039162633301146e+38
5211.349160393746 6.299883532108089e+38
5214.368482039396 6.295256603177763e+38
5217.391304347825 6.288103493497304e+38
5220.417633410672 6.282007468507395e+38
5223.44747533372 6.274374096095893e+38
5226.480836236934 6.27013745716982e+38
5229.517722254503 6.264718484046058e+38
5232.5581395348845 6.259717797801542e+38
5235.602094240838 6.254257980308989e+38
5238.649592549476 6.2487032463575974e+38
5241.7006406523 6.2431137851700885e+38
5244.755244755243 6.237276630979948e+38
5247.813411078717 6.2302971626412265e+38
5250.875145857643 6.221176137324964e+38
5253.940455341506 6.213138889153838e+38
5257.009345794392 6.203302764081413e+38
5260.081823495032 6.1945579119230635e+38
5263.1578947368425 6.184294920015857e+38
5266.23756582797 6.174474819509751e+38
5269.320843091334 6.164438607036929e+38
5272.407732864674 6.1556908882280084e+38
5275.498241500586 6.1465321246955104e+38
5278.592375366569 6.136720428016555e+38
5281.69014084507 6.126702976735332e+38
5284.79154433353 6.114189289508021e+38
5287.896592244419 6.101829623982483e+38
5291.005291005291 6.08764762760395e+38
5294.117647058824 6.073642244937803e+38
5297.2336668628595 6.0609682830827775e+38
5300.3533568904595 6.045828764977463e+38
5303.476723629935 6.029921918667058e+38
5306.603773584905 6.016439418814186e+38
5309.734513274337 6.00319255875335e+38
5312.868949232585 5.990317112556914e+38
5316.007088009451 5.978118956943331e+38
5319.148936170213 5.9637980387065776e+38
5322.294500295683 5.9492513111429466e+38
5325.443786982249 5.9337621946774625e+38
5328.596802841918 5.917696906081257e+38
5331.753554502368 5.90007879419743e+38
5334.914048606994 5.883050383146779e+38
5338.078291814946 5.8651101172018304e+38
5341.246290801187 5.845259131891053e+38
5344.418052256532 5.825569806299155e+38
5347.593582887701 5.807721668513641e+38
5350.77288941736 5.7897913771819175e+38
5353.955978584176 5.772662196366441e+38
5357.142857142857 5.757124211337898e+38
5360.333531864204 5.741234782080754e+38
5363.528009535161 5.724755165691074e+38
5366.726296958855 5.7096723289758604e+38
5369.928400954654 5.6954566367266776e+38
5373.134328358209 5.683702836015597e+38
5376.344086021506 5.671133783565183e+38
5379.557680812911 5.6578525208311984e+38
5382.775119617224 5.645631060390003e+38
5385.996409335726 5.632272776032358e+38
5389.221556886227 5.618983766711849e+38
5392.450569203115 5.60523808824239e+38
5395.6834532374105 5.590478802881529e+38
5398.9202159568085 5.575823620830333e+38
5402.1608643457375 5.5617599401234104e+38
5405.405405405406 5.553051772757319e+38
5408.653846153846 5.545391476576472e+38
5411.906193625977 5.539570655466072e+38
5415.162454873645 5.534090514506063e+38
5418.422636965683 5.527609601604638e+38
5421.686746987952 5.521811743732309e+38
5424.9547920434 5.5156967869806114e+38
5428.226779252112 5.510588613788599e+38
5431.502715751358 5.506570980187427e+38
5434.782608695653 5.503325441253074e+38
5438.0664652567975 5.501634751193181e+38
5441.354292623942 5.500419100385273e+38
5444.646098003629 5.4991338184047675e+38
5447.941888619855 5.4989756775391015e+38
5451.241671714113 5.498534041436588e+38
5454.545454545454 5.499115711910654e+38
5457.85324439054 5.49935928297339e+38
5461.16504854369 5.500057383362387e+38
5464.48087431694 5.499808239624319e+38
5467.800729040097 5.498081115100014e+38
5471.124620060789 5.4962679817232155e+38
5474.452554744525 5.494459024920265e+38
5477.784540474741 5.493996678379135e+38
5481.120584652862 5.492777445206422e+38
5484.460694698355 5.4910738899102075e+38
5487.80487804878 5.4703987088278196e+38
5491.153142159854 5.444383587823921e+38
5494.505494505495 5.4186169958744185e+38
5497.861942577885 5.392977580098985e+38
5501.222493887531 5.368285133029203e+38
5504.5871559633015 5.3430798242344694e+38
5507.955936352509 5.319061266026667e+38
5511.328842620943 5.294930212205743e+38
5514.7058823529405 5.271198129053799e+38
5518.087063151441 5.248083651616255e+38
5521.472392638037 5.225945836924371e+38
5524.861878453039 5.203799851245095e+38
5528.255528255528 5.1825883196456876e+38
5531.653349723417 5.161879780125267e+38
5535.0553505535045 5.140979046483997e+38
5538.461538461537 5.120324081807995e+38
5541.871921182265 5.0967353590067355e+38
5545.286506469502 5.073481938957061e+38
5548.705302096178 5.050504564442055e+38
5552.128315854411 5.0267944225131555e+38
5555.555555555557 5.001799864869162e+38
5558.987029030265 4.9773236708001895e+38
5562.422744128554 4.951869437977856e+38
5565.862708719851 4.9245984363945085e+38
5569.306930693068 4.897540582700405e+38
5572.755417956656 4.871313814309293e+38
5576.208178438662 4.844346662143483e+38
5579.665220086795 4.8203159265695554e+38
5583.126550868487 4.795263081069111e+38
5586.59217877095 4.767873496771285e+38
5590.062111801242 4.740247912850335e+38
5593.536357986327 4.713573463512381e+38
5597.014925373133 4.686072067009173e+38
5600.497822028625 4.6585768821519575e+38
5603.98505603985 4.632299868972706e+38
5607.476635514018 4.607616811989037e+38
5610.972568578554 4.58452544209871e+38
5614.47286338116 4.562815272205256e+38
5617.9775280898875 4.538737535398077e+38
5621.486570893192 4.513134408841285e+38
5625.0 4.4888089282762764e+38
5628.517823639774 4.474619439828667e+38
5632.040050062577 4.4792354156668554e+38
5635.566687539135 4.485200146047637e+38
5639.097744360903 4.490625483178379e+38
5642.633228840125 4.4959807220640445e+38
5646.173149309912 4.501501695714158e+38
5649.717514124294 4.508011319449719e+38
5653.266331658291 4.515116886341019e+38
5656.819610307983 4.522499902304732e+38
5660.377358490566 4.5291733159795184e+38
5663.9395846444295 4.5367707015651864e+38
5667.506297229218 4.544256971066528e+38
5671.077504725898 4.552816553353185e+38
5674.653215636822 4.5604740622583694e+38
5678.233438485804 4.567313759770069e+38
5681.818181818182 4.574972002085332e+38
5685.407454200885 4.582064337295103e+38
5689.001264222503 4.5897814319642256e+38
5692.599620493358 4.596175928247584e+38
5696.202531645569 4.604576787341381e+38
5699.810006333122 4.6121474022060075e+38
5703.422053231939 4.6227347766758696e+38
5707.03868103995 4.633610978449484e+38
5710.659898477157 4.645855859579632e+38
5714.285714285715 4.657442599177114e+38
5717.916137229987 4.667085399546502e+38
5721.55117609663 4.6772508618007994e+38
5725.1908396946565 4.686238179503107e+38
5728.835136855505 4.696620948110792e+38
5732.484076433121 4.707118679141231e+38
5736.137667304016 4.71677860999682e+38
5739.795918367347 4.728480899979382e+38
5743.458838544991 4.738669989254438e+38
5747.126436781609 4.747955055157665e+38
5750.7987220447285 4.757676744064239e+38
5754.475703324808 4.764587315999699e+38
5758.157389635316 4.772482234114632e+38
5761.843790012804 4.779738272275333e+38
5765.534913516975 4.787789673684827e+38
5769.2307692307695 4.7975266561155955e+38
5772.931366260423 4.806353042743498e+38
5776.636713735558 4.816580790249829e+38
5780.346820809249 4.824766855731606e+38
5784.061696658098 4.831263368332598e+38
5787.781350482315 4.836942301058686e+38
5791.505791505791 4.8434422168986656e+38
5795.235028976174 4.84688740081172e+38
5798.969072164948 4.8510534545310116e+38
5802.707930367505 4.8546573028784154e+38
5806.451612903225 4.856544541063865e+38
5810.200129115558 4.859542633123603e+38
5813.953488372093 4.862284611518267e+38
5817.711700064641 4.863882866324916e+38
5821.474773609314 4.864842092975738e+38
5825.242718446601 4.865271030477945e+38
5829.01554404145 4.861912710143009e+38
5832.793259883344 4.856777643938072e+38
5836.575875486381 4.8506729057319874e+38
5840.363400389357 4.84377250129932e+38
5844.155844155844 4.835621932675505e+38
5847.95321637427 4.826651303763006e+38
5851.7555266579975 4.81719959168068e+38
5855.562784645413 4.807007116130632e+38
5859.374999999999 4.795917982785382e+38
5863.192182410423 4.786118724044653e+38
5867.014341590613 4.7770675675428836e+38
5870.841487279843 4.769409209061311e+38
5874.6736292428195 4.7622751486496066e+38
5878.510777269758 4.7543741447577785e+38
5882.352941176471 4.7469046934012554e+38
5886.200130804447 4.740028329618024e+38
5890.052356020942 4.733138480852371e+38
5893.909626719056 4.725754786139802e+38
5897.771952817823 4.718599509114386e+38
5901.639344262296 4.7129974467540184e+38
5905.511811023622 4.707852384319497e+38
5909.389363099147 4.702690549860755e+38
5913.272010512484 4.69674712663817e+38
5917.15976331361 4.6901418997542475e+38
5921.0526315789475 4.683403354477643e+38
5924.950625411454 4.6766376124817466e+38
5928.853754940711 4.634042990424138e+38
5932.762030323005 4.587134903484287e+38
5936.675461741424 4.541364392121872e+38
5940.59405940594 4.494998239515481e+38
5944.517833553501 4.448131063679663e+38
5948.446794448117 4.400467996213921e+38
5952.380952380953 4.33886540469036e+38
5956.320317670417 4.278329923466662e+38
5960.264900662252 4.219898033823599e+38
5964.214711729622 4.1616583542024914e+38
5968.169761273209 4.105947376101543e+38
5972.1300597213 4.049463523351408e+38
5976.09561752988 3.9934297244535654e+38
5980.066445182724 3.93931417279977e+38
5984.042553191489 3.887433874201183e+38
5988.023952095809 3.835064694064565e+38
5992.010652463382 3.785311532810001e+38
5996.002664890073 3.73748930958602e+38
6000.0 3.69286463728539e+38
6004.00266844563 3.65056596819603e+38
6008.010680907877 3.606765699105526e+38
6012.024048096193 3.5631334209702256e+38
6016.042780748663 3.519472086515178e+38
6020.066889632108 3.4760338070595045e+38
6024.096385542169 3.434352640523804e+38
6028.131279303416 3.397101700300301e+38
6032.171581769437 3.3584336528991225e+38
6036.217303822937 3.3220460690381856e+38
6040.2684563758385 3.2853034193445636e+38
6044.325050369375 3.2510531932107653e+38
6048.387096774194 3.2226819989111793e+38
6052.454606590451 3.195130582208403e+38
6056.527590847914 3.1712901088212054e+38
6060.606060606061 3.1531511756443602e+38
6064.6900269541775 3.135967658533555e+38
6068.779501011463 3.1206210270528415e+38
6072.8744939271255 3.107210748246401e+38
6076.975016880486 3.095692071809246e+38
6081.081081081081 3.0995297348472362e+38
6085.192697768763 3.1135448850140475e+38
6089.309878213803 3.128715407077116e+38
6093.432633716994 3.1391157567837924e+38
6097.560975609756 3.1508020363065766e+38
6101.6949152542375 3.1646097097895367e+38
6105.834464043419 3.196303137785194e+38
6109.979633401222 3.231180962508794e+38
6114.130434782608 3.267400946960457e+38
6118.286879673691 3.3024514891899246e+38
6122.448979591836 3.342335761183405e+38
6126.616746085772 3.383315452044336e+38
6130.7901907356945 3.423690052633191e+38
6134.969325153374 3.4656333612758384e+38
6139.154160982264 3.507664910803683e+38
6143.34470989761 3.550983445658774e+38
6147.540983606556 3.5912628672067076e+38
6151.742993848257 3.630714224981981e+38
6155.950752393981 3.669514676690747e+38
6160.164271047228 3.707742636574812e+38
6164.383561643836 3.745838313989707e+38
6168.60863605209 3.78296347596664e+38
6172.83950617284 3.818218299184088e+38
6177.076183939601 3.854636445263866e+38
6181.318681318681 3.887206071391775e+38
6185.567010309278 3.9187291197478216e+38
6189.821182943603 3.9500106314063024e+38
6194.081211286992 3.9800747781090534e+38
6198.347107438017 4.006121372084826e+38
6202.618883528601 4.033684751763257e+38
6206.896551724139 4.058306677361907e+38
6211.180124223602 4.081333305967442e+38
6215.469613259668 4.102855749143005e+38
6219.765031098826 4.121615537004847e+38
6224.066390041493 4.137145112612855e+38
6228.373702422145 4.151626785053395e+38
6232.686980609417 4.166429317415179e+38
6237.006237006237 4.176945432000601e+38
6241.331484049931 4.183594812163319e+38
6245.662734212353 4.1869038835566384e+38
6249.999999999999 4.187732393901057e+38
6254.343293954134 4.187444228071312e+38
6258.692628650904 4.185869455100772e+38
6263.048016701461 4.184049485685374e+38
6267.409470752088 4.17684805093995e+38
6271.777003484321 4.167623555707058e+38
6276.150627615062 4.158878271258842e+38
6280.53035589672 4.147519078999442e+38
6284.916201117318 4.133021969991816e+38
6289.308176100629 4.115125140351631e+38
6293.706293706294 4.096345273472521e+38
6298.1105668299515 4.079244390211023e+38
6302.521008403361 4.06923011877775e+38
6306.937631394533 4.065009547365856e+38
6311.360448807854 4.063010636846008e+38
6315.789473684211 4.059850482814894e+38
6320.224719101124 4.055178792643987e+38
6324.666198172875 4.048637706615762e+38
6329.113924050633 4.0410871972639295e+38
6333.56790992259 4.0334780367558546e+38
6338.028169014085 4.025807505590229e+38
6342.494714587737 4.01861828217419e+38
6346.967559943582 4.0106085195678145e+38
6351.446718419195 4.0005147165112294e+38
6355.932203389831 3.990721378553057e+38
6360.424028268551 3.981344629597078e+38
6364.922206506365 3.972965155521578e+38
6369.426751592357 3.964396778525151e+38
6373.937677053824 3.9547009238892395e+38
6378.454996456414 3.944186900003814e+38
6382.978723404255 3.932640415708054e+38
6387.508871540099 3.919240553422808e+38
6392.045454545454 3.9073537753913964e+38
6396.588486140725 3.896887386574357e+38
6401.137980085349 3.895879033620756e+38
6405.693950177936 3.8956182882057575e+38
6410.25641025641 3.895948364068344e+38
6414.825374198147 3.897648541810272e+38
6419.400855920114 3.900100023446888e+38
6423.982869379015 3.903654149706478e+38
6428.5714285714275 3.905389750591156e+38
6433.166547533952 3.906651948517832e+38
6437.768240343347 3.9067055855223754e+38
6442.376521116678 3.905863682437356e+38
6446.991404011462 3.906783742708057e+38
6451.612903225806 3.90811061491416e+38
6456.241032998565 3.907672137294097e+38
6460.8758076094755 3.907574849654965e+38
6465.517241379309 3.907925683638687e+38
6470.165348670021 3.9084104807742145e+38
6474.820143884893 3.907764709405917e+38
6479.481641468683 3.9092151200967374e+38
6484.149855907781 3.909693633426568e+38
6488.824801730354 3.909683974091195e+38
6493.506493506493 3.9062566615047074e+38
6498.194945848375 3.9024463074813964e+38
6502.890173410405 3.8973213456117115e+38
6507.592190889371 3.890927287485935e+38
6512.301013024601 3.8845930846132565e+38
6517.0166545981165 3.8774341695329635e+38
6521.739130434783 3.871874206364131e+38
6526.468455402466 3.866426553466158e+38
6531.204644412192 3.860852215651374e+38
6535.9477124183 3.855641378152224e+38
6540.697674418605 3.8488242295685214e+38
6545.454545454545 3.842238721501984e+38
6550.218340611353 3.835337951615254e+38
6554.9890750182085 3.830595666186478e+38
6559.766763848396 3.825588378870029e+38
6564.551422319474 3.8210975318354965e+38
6569.343065693431 3.815181406530483e+38
6574.141709276844 3.809941058332484e+38
6578.9473684210525 3.80462159962855e+38
6583.760058522312 3.799234689153043e+38
6588.579795021961 3.792526657245083e+38
6593.406593406592 3.784599863642489e+38
6598.24046920821 3.775785487976729e+38
6603.081438004401 3.765853696828315e+38
6607.929515418502 3.756774121384759e+38
6612.784717119765 3.748146154617991e+38
6617.64705882353 3.7399180380692995e+38
6622.516556291391 3.729684502444333e+38
6627.39322533137 3.7186294683235206e+38
6632.2770817980845 3.706774010471717e+38
6637.16814159292 3.695509081095589e+38
6642.066420664206 3.68497118988769e+38
6646.971935007385 3.673093374583605e+38
6651.884700665189 3.661020468989167e+38
6656.804733727811 3.6488257924767836e+38
6661.732050333087 3.6362597189316205e+38
6666.666666666666 3.623887296147648e+38
6671.608598962194 3.611216402358229e+38
6676.557863501484 3.5973519233305904e+38
6681.514476614699 3.582659007496338e+38
6686.478454680534 3.5671352093071564e+38
6691.449814126394 3.551180238032962e+38
6696.428571428571 3.5361488184035405e+38
6701.414743112436 3.522534752544694e+38
6706.408345752608 3.509750349546152e+38
6711.4093959731545 3.4979056223643144e+38
6716.417910447761 3.486160145920286e+38
6721.433905899925 3.473892836084419e+38
6726.457399103138 3.461767034297139e+38
6731.488406881076 3.449374864544299e+38
6736.526946107784 3.437543177075946e+38
6741.573033707865 3.4269887893699316e+38
6746.626686656671 3.4166438949055196e+38
6751.687921980495 3.406287922123085e+38
6756.756756756757 3.395106676731772e+38
6761.8332081142 3.3839458359504792e+38
6766.917293233082 3.373155526713483e+38
6772.009029345372 3.3670620333537776e+38
6777.108433734939 3.3615790096473503e+38
6782.215523737755 3.356487920252525e+38
6787.330316742082 3.3510683104483613e+38
6792.45283018868 3.345385805334531e+38
6797.583081570997 3.340384265044308e+38
6802.7210884353735 3.3352210404901207e+38
6807.86686838124 3.3300808284179247e+38
6813.020439061317 3.3249160900882204e+38
6818.181818181818 3.3205686611569518e+38
6823.351023502653 3.316052734265957e+38
6828.528072837633 3.312080153134559e+38
6833.7129840546695 3.308418130637026e+38
6838.9057750759885 3.304948628165235e+38
6844.106463878328 3.2998725674764664e+38
6849.315068493151 3.2933913736773075e+38
6854.531607006854 3.2864358297499917e+38
6859.756097560976 3.279923262807425e+38
6864.988558352402 3.2736715521210926e+38
6870.229007633588 3.2682280888860956e+38
6875.4774637127575 3.2633346039039628e+38
6880.733944954129 3.2582180451954408e+38
6885.998469778117 3.2527131129554795e+38
6891.271056661563 3.246747102423679e+38
6896.551724137931 3.240005054581911e+38
6901.840490797546 3.2329868762567665e+38
6907.137375287797 3.2256598619540706e+38
6912.442396313363 3.2186461050843448e+38
6917.755572636433 3.21038371463418e+38
6923.076923076923 3.2026680663780706e+38
6928.406466512702 3.1961466642960863e+38
6933.744221879815 3.1920824074197184e+38
6939.090208172706 3.1894598119237023e+38
6944.444444444444 3.185871861964633e+38
6949.80694980695 3.1815397551624257e+38
6955.177743431222 3.1771160839553956e+38
6960.556844547564 3.1728672318526784e+38
6965.94427244582 3.168454836471571e+38
6971.3400464756005 3.162939174048467e+38
6976.7441860465115 3.1571343822063042e+38
6982.156710628395 3.1522439739612888e+38
6987.577639751553 3.14915688300125e+38
6993.006993006992 3.1476044526382866e+38
6998.444790046656 3.1456470615909468e+38
7003.891050583658 3.141271074045436e+38
7009.345794392523 3.1356714762688536e+38
7014.8090413094305 3.1310817326217825e+38
7020.280811232449 3.1280889413213626e+38
7025.76112412178 3.125902682258789e+38
7031.25 3.1237172334893007e+38
7036.747458952307 3.1211569901918633e+38
7042.2535211267605 3.1183028415708462e+38
7047.768206734534 3.1162690940376088e+38
7053.291536050157 3.1154989313285395e+38
7058.823529411764 3.1151937261416677e+38
7064.36420722135 3.1147408797596592e+38
7069.913589945012 3.114187080363756e+38
7075.471698113208 3.1131497332167776e+38
7081.038552321007 3.111142330952732e+38
7086.614173228347 3.108302780603911e+38
7092.198581560284 3.1051861451119632e+38
7097.791798107255 3.1020772445521337e+38
7103.3938437253355 3.098709351250199e+38
7109.004739336492 3.0948969319772902e+38
7114.624505928854 3.0908329593102343e+38
7120.253164556962 3.0869281503999544e+38
7125.890736342043 3.0829840064391503e+38
7131.537242472266 3.0787536069592445e+38
7137.192704203014 3.0736712689454136e+38
7142.857142857143 3.0683396697354544e+38
7148.5305798252575 3.0627341059640467e+38
7154.213036565979 3.0572115877296353e+38
7159.904534606205 3.0519228886331073e+38
7165.605095541401 3.046740623564488e+38
7171.314741035857 3.0413405919407592e+38
7177.033492822967 3.0369355827447248e+38
7182.761372705507 3.0330871404693263e+38
7188.498402555911 3.029411036139179e+38
7194.244604316546 3.025207675376314e+38
7200.0 3.021067890964345e+38
7205.764611689352 3.0150945406716114e+38
7211.538461538461 3.009029392212035e+38
7217.321571772253 3.0025854016972123e+38
7223.113964686998 2.9959740130384423e+38
7228.915662650603 2.989307754230363e+38
7234.7266881028945 2.9817949310418337e+38
7240.547063555913 2.973766436010168e+38
7246.376811594203 2.965729456328478e+38
7252.215954875101 2.9578572422462254e+38
7258.064516129033 2.913777997088825e+38
7263.922518159806 2.806333730893642e+38
7269.789983844911 2.6993386746180006e+38
7275.666936135813 2.5952830291355438e+38
7281.553398058252 2.495074738948812e+38
7287.449392712551 2.394712824245145e+38
7293.3549432739055 2.299025263807435e+38
7299.270072992701 2.204341889051974e+38
7305.194805194805 2.1173506206009807e+38
7311.129163281886 2.033473763026821e+38
7317.073170731707 1.954980666454386e+38
7323.026851098454 1.8804876256237467e+38
7328.990228013029 1.809759205531517e+38
7334.963325183374 1.7357171153029426e+38
7340.94616639478 1.6652228370413465e+38
7346.938775510203 1.5994505892977777e+38
7352.941176470588 1.5364025389316287e+38
7358.953393295175 1.4817144816087383e+38
7364.9754500818335 1.431154543807011e+38
7371.00737100737 1.3888969017695524e+38
7377.049180327868 1.3585518337049113e+38
7383.100902378999 1.3399555904607904e+38
7389.162561576355 1.3269280717871147e+38
7395.234182415777 1.3201153604989229e+38
7401.315789473684 1.3169928958873892e+38
7407.407407407407 1.3205593516148817e+38
7413.509060955518 1.3260131593911236e+38
7419.62077493817 1.3384483058729415e+38
7425.742574257425 1.3563505051701163e+38
7431.874483897605 1.3781070927969117e+38
7438.016528925619 1.419551333755558e+38
7444.168734491315 1.4621672207103288e+38
7450.331125827815 1.5168302007838706e+38
7456.503728251863 1.5765858315924513e+38
7462.686567164179 1.6342206659698676e+38
7468.879668049793 1.6904579253685919e+38
7475.0830564784055 1.746228228509164e+38
7481.296758104738 1.7999799594243263e+38
7487.520798668885 1.852198953876865e+38
7493.7552039966695 1.903217047229282e+38
7500.0 1.9546284253491793e+38
7506.255212677232 2.0048506029080313e+38
7512.520868113523 2.054028861443497e+38
7518.796992481202 2.1015518408490748e+38
7525.083612040134 2.146957519657303e+38
7531.380753138075 2.1909584082436245e+38
7537.688442211054 2.2357337944380623e+38
7544.006705783738 2.2785035095291262e+38
7550.335570469799 2.3211531862110446e+38
7556.675062972292 2.361795122621741e+38
7563.0252100840335 2.4008559037048443e+38
7569.386038687972 2.436128313432066e+38
7575.757575757576 2.4650246224958887e+38
7582.139848357203 2.492070775298856e+38
7588.532883642497 2.517763562216306e+38
7594.936708860759 2.5415648932409704e+38
7601.351351351351 2.5637031714189048e+38
7607.776838546069 2.583806362395142e+38
7614.213197969544 2.6038472259178928e+38
7620.660457239628 2.6225883723501463e+38
7627.118644067797 2.6406503973027187e+38
7633.587786259542 2.6566005665508266e+38
7640.067911714771 2.67009325434226e+38
7646.559048428208 2.681152591099406e+38
7653.061224489795 2.693535702692677e+38
7659.574468085107 2.706176469618983e+38
7666.09880749574 2.7189480227026566e+38
7672.634271099744 2.7270887355017192e+38
7679.180887372014 2.7318979677812822e+38
7685.738684884714 2.731999737760523e+38
7692.307692307692 2.7308399523502272e+38
7698.887938408896 2.72991945619859e+38
7705.479452054795 2.729252754999558e+38
7712.082262210796 2.7288537103836776e+38
7718.6963979416805 2.7286093392092563e+38
7725.321888412017 2.729072013203331e+38
7731.958762886598 2.728993763971716e+38
7738.60705073087 2.7287901329084435e+38
7745.266781411359 2.72744163747968e+38
7751.937984496124 2.724219912220275e+38
7758.620689655172 2.7203733753509987e+38
7765.314926660915 2.717480325450013e+38
7772.0207253886 2.7158279645073603e+38
7778.738115816767 2.7147418408804796e+38
7785.467128027681 2.7119739908217596e+38
7792.207792207792 2.7078864925387447e+38
7798.96013864818 2.702096225075513e+38
7805.724197745012 2.697484196658624e+38
7812.5 2.6912789104090386e+38
7819.287576020852 2.6839355513358305e+38
7826.08695652174 2.675707988992453e+38
7832.898172323759 2.6679844183340018e+38
7839.7212543554 2.660895355109895e+38
7846.556233653007 2.6532054216869956e+38
7853.403141361257 2.644635624251324e+38
7860.262008733625 2.6347648895081286e+38
7867.1328671328665 2.625468593072012e+38
7874.015748031496 2.6149533142142035e+38
7880.91068301226 2.60459386301445e+38
7887.817703768624 2.588712946300624e+38
7894.736842105262 2.565349356184987e+38
7901.668129938543 2.542226723651109e+38
7908.611599297013 2.5180946492115394e+38
7915.5672823219 2.492999022080656e+38
7922.535211267606 2.4679241613906832e+38
7929.515418502202 2.4430744846684784e+38
7936.507936507936 2.413152508773239e+38
7943.512797881729 2.3778705115876222e+38
7950.53003533569 2.3429591400835403e+38
7957.559681697612 2.3082301285015957e+38
7964.601769911505 2.2747970938884115e+38
7971.656333038087 2.2402936730612127e+38
7978.723404255319 2.1739025858288622e+38
7985.803016858918 2.0886678035081784e+38
7992.895204262877 2.0059778274171416e+38
8000.0 1.925899402382017e+38
8007.11743772242 1.8479131118249943e+38
8014.247551202137 1.773342889115356e+38
8021.3903743315495 1.70217274566143e+38
8028.545941123996 1.6522595823186909e+38
8035.714285714285 1.606562193904808e+38
8042.8954423592495 1.5642920933115901e+38
8050.089445438283 1.5238163906878525e+38
8057.296329453894 1.488203749623667e+38
8064.516129032258 1.456208946218209e+38
8071.748878923768 1.4294228469759611e+38
8078.994614003592 1.4049727635348506e+38
8086.253369272237 1.3810875256575768e+38
8093.525179856115 1.337451542091561e+38
8100.810081008101 1.2984418726177226e+38
8108.108108108108 1.2690974206273792e+38
8115.419296663662 1.245197129565638e+38
8122.743682310468 1.2250021522905716e+38
8130.081300813007 1.207828819268788e+38
8137.4321880651 1.1976071768880328e+38
8144.796380090498 1.201761059003494e+38
8152.173913043478 1.2095326571338086e+38
8159.564823209428 1.2222637931544458e+38
8166.969147005445 1.2363224843677634e+38
8174.386920980926 1.2526183068015389e+38
8181.818181818183 1.2704210842889363e+38
8189.26296633303 1.2976975181661307e+38
8196.72131147541 1.3240734570672426e+38
8204.193254329992 1.3500051578144708e+38
8211.67883211679 1.3782764270045387e+38
8219.17808219178 1.4073430115319921e+38
8226.69104204753 1.4382895995644213e+38
8234.217749313815 1.4686493014457952e+38
8241.758241758242 1.5000422298284303e+38
8249.312557286894 1.5308711030161693e+38
8256.880733944954 1.5623502671779065e+38
8264.462809917355 1.593320239803194e+38
8272.05882352941 1.6259072713744493e+38
8279.66881324747 1.656736578604313e+38
8287.292817679558 1.6828893069437346e+38
8294.930875576036 1.7087694970792395e+38
8302.583025830258 1.742138897067012e+38
8310.249307479226 1.7751186944323887e+38
8317.929759704251 1.8061276317219792e+38
8325.624421831637 1.832949972135642e+38
8333.333333333332 1.858598952409684e+38
8341.056533827617 1.881966797814864e+38
8348.794063079778 1.9031140692228345e+38
8356.545961002785 1.9245328187978346e+38
8364.312267657991 1.9431283491643222e+38
8372.093023255813 1.9597597976272516e+38
8379.888268156425 1.9765074138008933e+38
8387.698042870457 1.992072110138734e+38
8395.522388059702 2.0060140153703858e+38
8403.361344537814 2.0191070560244493e+38
8411.214953271028 2.030394576480829e+38
8419.083255378859 2.0408916329379074e+38
8426.966292134832 2.0532201162585936e+38
8434.864104967197 2.064543967253323e+38
8442.776735459664 2.0731453287383953e+38
8450.704225352112 2.080002264686847e+38
8458.646616541353 2.086331000856358e+38
8466.603951081843 2.0911007047754448e+38
8474.57627118644 2.094180240879699e+38
8482.563619227145 2.0959125392479976e+38
8490.566037735849 2.0962334619810715e+38
8498.583569405098 2.096590644066917e+38
8506.616257088846 2.0976081802815056e+38
8514.664143803217 2.0981907028476078e+38
8522.727272727274 2.096898612609263e+38
8530.805687203792 2.0946620267980277e+38
8538.899430740037 2.0925565147504704e+38
8547.008547008547 2.089996118636133e+38
8555.133079847908 2.0860702440632387e+38
8563.27307326356 2.0816349449730954e+38
8571.42857142857 2.0759950421123013e+38
8579.59961868446 2.0698771808855452e+38
8587.786259541985 2.0647845867356295e+38
8595.98853868195 2.0591375207598366e+38
8604.206500956023 2.052511078492895e+38
8612.440191387559 2.0408631659021686e+38
8620.689655172415 2.0279437735665216e+38
8628.954937679771 2.01423356389461e+38
8637.236084452976 1.997485239202352e+38
8645.533141210375 1.980187343172659e+38
8653.846153846154 1.9562463525743435e+38
8662.175168431184 1.9311084553634444e+38
8670.520231213874 1.9071131061639058e+38
8678.881388621023 1.882656380381048e+38
8687.258687258687 1.8585648829833154e+38
8695.652173913044 1.8345105532496446e+38
8704.061895551256 1.811590752063505e+38
8712.487899322363 1.7900633615008675e+38
8720.93023255814 1.7689771955974986e+38
8729.388942774005 1.7489077332200085e+38
8737.864077669903 1.728337576488455e+38
8746.355685131197 1.7085041337843895e+38
8754.863813229573 1.6903075430835838e+38
8763.388510223953 1.6712395447421244e+38
8771.929824561403 1.6528126280855133e+38
8780.487804878048 1.6339214816689506e+38
8789.0625 1.6141040749992531e+38
8797.65395894428 1.5928209879752584e+38
8806.262230919765 1.5725360897492335e+38
8814.88736532811 1.5539728583912361e+38
8823.529411764706 1.5371930026054557e+38
8832.188420019627 1.5216148801064662e+38
8840.864440078585 1.506532389536512e+38
8849.557522123894 1.4931430584730011e+38
8858.267716535433 1.48071811781519e+38
8866.995073891625 1.4715593619497679e+38
8875.739644970414 1.4678160552692922e+38
8884.501480750247 1.4721576455156983e+38
8893.280632411068 1.4768024466781516e+38
8902.077151335312 1.4822416996006008e+38
8910.89108910891 1.489365779022467e+38
8919.7224975223 1.4969399774217589e+38
8928.57142857143 1.5049910975522341e+38
8937.437934458789 1.5122219216830152e+38
8946.322067594434 1.5188650239033753e+38
8955.223880597014 1.5255101816637776e+38
8964.14342629482 1.5317026672788005e+38
8973.080757726819 1.5373012161086241e+38
8982.035928143714 1.5430077799300872e+38
8991.008991008992 1.549479697368646e+38
9000.0 1.5554381505129939e+38
9009.009009009009 1.561067898881927e+38
9018.036072144288 1.5679462730947692e+38
9027.081243731194 1.5750825677639687e+38
9036.144578313253 1.5818596953373582e+38
9045.226130653265 1.588525931095657e+38
9054.325955734406 1.5946971290095359e+38
9063.44410876133 1.600864541696019e+38
9072.580645161292 1.6051555585292654e+38
9081.735620585267 1.6098967402913271e+38
9090.90909090909 1.6154503034363073e+38
9100.10111223458 1.6215799107116455e+38
9109.31174089069 1.6264715556195239e+38
9118.541033434649 1.6304762766411923e+38
9127.789046653143 1.6344267658273437e+38
9137.055837563452 1.6370347398857306e+38
9146.341463414634 1.636709090697484e+38
9155.645981688709 1.6348220575093742e+38
9164.969450101833 1.6328802469278524e+38
9174.311926605506 1.630916932306534e+38
9183.673469387755 1.628433531099232e+38
9193.054136874363 1.6244853902441796e+38
9202.453987730061 1.620313821304061e+38
9211.873080859774 1.617258761276089e+38
9221.311475409837 1.6142900661912644e+38
9230.769230769232 1.6101667293170154e+38
9240.246406570843 1.6050755063555864e+38
9249.743062692702 1.6003702616360723e+38
9259.25925925926 1.5956389701636138e+38
9268.795056642637 1.5904679806701763e+38
9278.350515463919 1.5858013875788541e+38
9287.925696594426 1.5813547321912018e+38
9297.520661157025 1.5771510282305745e+38
9307.135470527404 1.57310247207162e+38
9316.770186335405 1.5677621330382442e+38
9326.424870466322 1.5619883787743346e+38
9336.09958506224 1.556703958569911e+38
9345.794392523365 1.5521770905122477e+38
9355.509355509355 1.5472952478798908e+38
9365.244536940689 1.5413085889926792e+38
9375.0 1.5344833986629933e+38
9384.775808133472 1.5269202299252245e+38
9394.572025052192 1.5188747291243607e+38
9404.388714733543 1.5112437836245959e+38
9414.225941422595 1.5041854839749007e+38
9424.083769633507 1.497193043259334e+38
9433.962264150943 1.48971260626674e+38
9443.86149003148 1.4824483965213575e+38
9453.781512605043 1.4755148523987882e+38
9463.72239747634 1.4694611116382914e+38
9473.684210526315 1.4639229946322028e+38
9483.667017913593 1.4578885655873665e+38
9493.67088607595 1.4511625366480387e+38
9503.695881731785 1.4439757469083565e+38
9513.742071881607 1.43668291308085e+38
9523.809523809523 1.4302254650969019e+38
9533.898305084747 1.4245700091747153e+38
9544.008483563097 1.4181940547359828e+38
9554.140127388535 1.4111654416853221e+38
9564.293304994686 1.4042469098916615e+38
9574.468085106384 1.3984465718895012e+38
9584.664536741215 1.3932882521563536e+38
9594.882729211087 1.3882526350388325e+38
9605.122732123798 1.3838426112655004e+38
9615.384615384615 1.3790832374975464e+38
9625.668449197863 1.3737831739746838e+38
9635.974304068524 1.3686800377842034e+38
9646.30225080386 1.3643123274790094e+38
9656.652360515021 1.3610055364353853e+38
9667.024704618689 1.3560979591276394e+38
9677.41935483871 1.350385582717293e+38
9687.836383207748 1.3456021235916204e+38
9698.275862068964 1.3419342553407117e+38
9708.737864077671 1.3382534301152189e+38
9719.222462203024 1.3352725851292171e+38
9729.72972972973 1.3335485606105377e+38
9740.25974025974 1.3309392409652815e+38
9750.812567713976 1.3283115604511001e+38
9761.388286334057 1.326192107240825e+38
9771.98697068404 1.324023340254752e+38
9782.608695652174 1.3225995139114345e+38
9793.253536452667 1.3221233775046205e+38
9803.921568627451 1.320526272337094e+38
9814.612868047981 1.3176046782192979e+38
9825.327510917032 1.314694970280271e+38
9836.065573770491 1.3118326600730965e+38
9846.827133479213 1.3094508037976286e+38
9857.61226725082 1.3072974190773228e+38
9868.421052631578 1.3047676387404037e+38
9879.25356750823 1.3022610596449406e+38
9890.109890109889 1.2994108108904435e+38
9900.990099009901 1.2965095651090337e+38
9911.894273127755 1.2938316021770304e+38
9922.822491730984 1.2904315467855199e+38
9933.774834437085 1.2871661574447166e+38
9944.751381215468 1.283608096023223e+38
9955.752212389381 1.2791771103382388e+38
9966.777408637876 1.273773124309796e+38
9977.827050997783 1.2677312532692775e+38
9988.901220865704 1.262533885633932e+38
10000.0 1.2584928714793856e+38
