3761.7554858934163 9.19765237546023e+37
3773.584905660377 9.498804338630196e+37
3785.4889589905365 8.077019713823436e+37
3797.4683544303793 7.584041349299833e+37
3809.5238095238096 8.05665331557279e+37
3821.6560509554142 9.176281929799867e+37
3833.8658146964854 9.943361032388315e+37
3846.153846153846 1.0128704796899633e+38
3858.5209003215436 1.1456248590481825e+38
3870.9677419354834 1.3196384334229902e+38
3883.4951456310678 1.5603869774064243e+38
3896.103896103896 1.6640506665596666e+38
3908.7947882736153 1.815866893010391e+38
3921.5686274509803 1.8695227789041146e+38
3934.426229508197 1.9290342268346605e+38
3947.368421052631 2.0478991645071487e+38
3960.39603960396 2.2134919283421535e+38
3973.5099337748343 2.2316940541921774e+38
3986.710963455149 2.070613403513796e+38
4000.0 1.9269365031314896e+38
4013.377926421405 1.749362606616893e+38
4026.8456375838923 1.7330139899114885e+38
4040.40404040404 1.7257812932079754e+38
4054.054054054054 1.5988424197860829e+38
4067.7966101694915 1.5780555322682288e+38
4081.6326530612246 1.5246174696832171e+38
4095.563139931741 1.3648062649209488e+38
4109.58904109589 1.1896563729277963e+38
4123.711340206186 9.630988546429894e+37
4137.931034482759 8.954865756799083e+37
4152.249134948096 8.304111117403165e+37
4166.666666666666 8.534478673224994e+37
4181.184668989547 9.382013589028561e+37
4195.804195804196 8.637331121298884e+37
4210.526315789473 7.910768729523634e+37
4225.352112676056 7.192187023753494e+37
4240.282685512368 7.213030225254512e+37
4255.31914893617 6.802958416110301e+37
4270.462633451957 6.706121393033236e+37
4285.714285714285 6.987645613086958e+37
4301.075268817204 6.737351744509915e+37
4316.546762589928 6.95860889071505e+37
4332.129963898917 6.730275539861865e+37
4347.826086956522 6.544196908389042e+37
4363.636363636364 5.845194701190974e+37
4379.56204379562 6.201922506483676e+37
4395.604395604395 7.449827853165377e+37
4411.764705882353 8.520868250859571e+37
4428.044280442804 9.769443372342113e+37
4444.444444444444 1.0862044026837655e+38
4460.96654275093 1.3118218931831083e+38
4477.611940298507 1.6262170115649556e+38
4494.38202247191 1.8817752333852966e+38
4511.278195488722 2.2902932672499677e+38
4528.301886792453 2.8667286089872505e+38
4545.454545454545 3.1346737882951095e+38
4562.737642585552 3.38303018326736e+38
4580.152671755724 3.475986594556407e+38
4597.701149425287 3.4150327547786624e+38
4615.384615384616 3.3283357756359798e+38
4633.204633204633 3.164431836468296e+38
4651.162790697675 2.9075932822408256e+38
4669.260700389105 2.5464102756566297e+38
4687.5 2.2378843661266173e+38
4705.882352941177 1.786164952956678e+38
4724.4094488188975 1.446897545189875e+38
4743.083003952569 1.3098594500209336e+38
4761.9047619047615 1.3857665938971778e+38
4780.876494023904 1.4304985917855377e+38
4800.0 1.4760195451232332e+38
4819.277108433735 1.367830043708108e+38
4838.709677419355 1.3057195108076179e+38
4858.2995951417 1.4674620583164415e+38
4878.048780487805 1.5951482989225264e+38
4897.95918367347 1.910797434159513e+38
4918.0327868852455 2.1300208596138314e+38
4938.271604938272 1.8370579968701255e+38
4958.677685950413 1.4384437454104752e+38
4979.253112033195 1.2442889115812536e+38
5000.0 1.214200217764656e+38
5020.920502092051 1.1530442581364084e+38
5042.01680672269 1.1993200201042993e+38
5063.291139240507 1.2813129919593353e+38
5084.745762711865 1.3532476770127664e+38
5106.382978723404 1.3568210164191207e+38
5128.205128205129 1.4135890918760909e+38
5150.214592274678 1.5143833032458697e+38
5172.413793103448 1.6710917984433884e+38
5194.805194805195 1.972334666497911e+38
5217.391304347826 2.3095924681679875e+38
5240.174672489083 2.7143301989702518e+38
5263.1578947368425 3.014089891490721e+38
5286.343612334802 3.138605525499115e+38
5309.734513274337 3.2658549054652086e+38
5333.333333333334 3.2532195300967216e+38
5357.142857142857 3.203893646632377e+38
5381.165919282511 3.126176446301227e+38
5405.405405405406 3.2342199219996448e+38
5429.864253393665 3.2447070229693795e+38
5454.545454545454 3.22650383464937e+38
5479.45205479452 3.2488575809917386e+38
5504.587155963302 3.1324090183530436e+38
5529.953917050691 3.105334135469551e+38
5555.555555555557 3.0951565448809636e+38
5581.39534883721 3.1141078884239427e+38
5607.476635514018 2.988606276838261e+38
5633.802816901409 2.830832440022102e+38
5660.377358490567 2.6481858890095164e+38
5687.203791469195 2.416163286890139e+38
5714.285714285715 2.300506965834545e+38
5741.626794258374 2.2108809575721378e+38
5769.2307692307695 2.3644412446679924e+38
5797.101449275362 2.4597672172144247e+38
5825.242718446601 2.6342644662250642e+38
5853.658536585366 2.7169806640988214e+38
5882.352941176471 2.769678866991043e+38
5911.330049261083 2.662663836334816e+38
5940.59405940594 2.5218808759297145e+38
5970.149253731344 2.339857153265868e+38
6000.0 2.2294369095070977e+38
6030.150753768844 2.152797559375816e+38
6060.606060606061 2.1372934722343675e+38
6091.370558375634 2.1783810765616037e+38
6122.448979591836 2.1897438483143035e+38
6153.846153846155 1.899183371474492e+38
6185.567010309278 1.5967261209561801e+38
6217.616580310881 1.5345827430675491e+38
6250.0 1.7019268633676615e+38
6282.722513089004 1.814185921630892e+38
6315.789473684211 2.0455841739095964e+38
6349.20634920635 2.2455720536698976e+38
6382.978723404255 2.430602638352625e+38
6417.1122994652405 2.498657744089824e+38
6451.612903225807 2.477806430096036e+38
6486.486486486486 2.361969688886471e+38
6521.739130434783 2.2072569644595136e+38
6557.377049180328 2.0887319175197115e+38
6593.406593406592 2.0878476668321104e+38
6629.834254143647 2.1249510588075218e+38
6666.666666666667 2.160957168270023e+38
6703.910614525139 2.2436421860163624e+38
6741.573033707865 2.2175338120426998e+38
6779.661016949153 2.1410532866451626e+38
6818.181818181818 2.0618411308586514e+38
6857.142857142857 2.0419566557543053e+38
6896.551724137931 2.0855741344251725e+38
6936.416184971097 2.123242937918729e+38
6976.7441860465115 2.0942327765729174e+38
7017.543859649123 2.124920140854039e+38
7058.823529411764 2.045634074464298e+38
7100.591715976332 2.01076596914993e+38
7142.857142857143 1.9431627454088743e+38
7185.628742514969 1.915990516405449e+38
7228.915662650603 1.8531436822465087e+38
7272.727272727273 1.7889231991652024e+38
7317.073170731707 1.729600544990363e+38
7361.963190184049 1.7006671694949677e+38
7407.407407407407 1.5561312761294387e+38
7453.416149068322 8.814116782097542e+37
7500.0 4.911623822805658e+37
7547.169811320754 5.110375947900668e+37
7594.936708860759 7.56862396932163e+37
7643.3121019108285 1.1611743261191954e+38
7692.307692307692 1.3387201599370291e+38
7741.935483870967 1.36643998987744e+38
7792.207792207792 1.3096831748691548e+38
7843.137254901961 1.324133715802918e+38
7894.736842105262 1.3659411108795022e+38
7947.019867549669 1.3941007115549804e+38
8000.0 1.4416454732622512e+38
8053.691275167785 1.4213647078119797e+38
8108.108108108108 1.18373159208775e+38
8163.265306122449 5.788966386594445e+37
8219.17808219178 3.646415740956884e+37
8275.862068965518 3.7927548868397323e+37
8333.333333333332 4.192052747672133e+37
8391.608391608392 5.218303032748421e+37
8450.704225352112 8.215139333715038e+37
8510.63829787234 1.2136596257094205e+38
8571.42857142857 1.5273071353498438e+38
8633.093525179856 1.6591796117404968e+38
8695.652173913044 1.6445992988387821e+38
8759.12408759124 1.5290624788557718e+38
8823.529411764706 1.425945314255045e+38
8888.888888888889 1.1555249675751147e+38
8955.223880597014 7.444117226904654e+37
9022.556390977445 5.419302246735593e+37
9090.90909090909 7.250363392608343e+37
9160.305343511449 9.862928458719104e+37
9230.769230769232 1.1273977964590946e+38
9302.32558139535 1.1755448736060498e+38
9375.0 1.1629640092696742e+38
9448.818897637795 1.0931927213296373e+38
9523.809523809523 1.0468119498054829e+38
9600.0 9.821567144456215e+37
9677.41935483871 9.510197340474636e+37
9756.09756097561 9.09140635794905e+37
9836.065573770491 9.17311748909046e+37
9917.355371900827 8.87130812270729e+37
10000.0 9.242160617003664e+37
