10000.0 3.9877990708457773e+37
9911.894273127755 4.720218278209307e+37
9825.327510917032 4.920679012446704e+37
9740.25974025974 5.0275566216440035e+37
9656.652360515021 5.121389424208042e+37
9574.468085106384 5.2026665548146525e+37
9493.67088607595 5.304989242223469e+37
9414.225941422595 5.509168795573726e+37
9336.09958506224 5.730657631136724e+37
9259.25925925926 5.96582743783947e+37
9183.673469387755 6.117831459756386e+37
9109.31174089069 6.270193465290129e+37
9036.144578313253 6.329394981825581e+37
8964.14342629482 6.317413579038929e+37
8893.280632411068 6.134782787363333e+37
8823.529411764706 5.69760303735095e+37
8754.863813229573 4.975060626845253e+37
8687.258687258687 5.036591367118185e+37
8620.689655172415 5.994436538689423e+37
8555.133079847908 7.314818232185211e+37
8490.566037735849 8.61000445259517e+37
8426.966292134832 8.76372267533861e+37
8364.312267657991 8.495147082254576e+37
8302.583025830258 7.978191451864886e+37
8241.758241758242 7.216814126504283e+37
8181.818181818183 6.180304270616185e+37
8122.743682310468 5.690352005848054e+37
8064.516129032258 5.361248006297933e+37
8007.11743772242 5.197267607404623e+37
7950.53003533569 5.179536034514034e+37
7894.736842105262 6.126480088855087e+37
7839.7212543554 7.460484510669252e+37
7785.467128027681 8.793450489253702e+37
7731.958762886598 9.333728478149678e+37
7679.180887372014 9.224792506618113e+37
7627.118644067797 8.977533348004711e+37
7575.757575757576 8.599624641629744e+37
7525.083612040134 8.144542289367077e+37
7475.0830564784055 7.677484970462996e+37
7425.742574257425 7.167703036114394e+37
7377.049180327868 6.640784548897114e+37
7328.990228013029 6.065794700632011e+37
7281.553398058252 6.482686274692422e+37
7234.7266881028945 7.694856738643933e+37
7188.498402555911 9.204575109480144e+37
7142.857142857143 1.0996867773730725e+38
7097.791798107255 1.139227996862222e+38
7053.291536050157 1.1578316924736348e+38
7009.345794392523 1.1736417525479237e+38
6965.94427244582 1.189881337758411e+38
6923.076923076923 1.201599814665601e+38
6880.733944954129 1.2124209265257575e+38
6838.9057750759885 1.2273869557683618e+38
6797.583081570997 1.242545341854529e+38
6756.756756756757 1.2562681277754644e+38
6716.417910447761 1.270648156120229e+38
6676.557863501484 1.2809967676189299e+38
6637.16814159292 1.2957001832280016e+38
6598.24046920821 1.3164004219140876e+38
6559.766763848396 1.3349065182346863e+38
6521.739130434783 1.3551688682160985e+38
6484.149855907781 1.3767185894403775e+38
6446.991404011462 1.385244737774618e+38
6410.25641025641 1.3881486194304025e+38
6373.937677053824 1.3831900499811079e+38
6338.028169014085 1.373754994477861e+38
6302.521008403361 1.3730366635452346e+38
6267.409470752088 1.3865673231774687e+38
6232.686980609417 1.4029631269197739e+38
6198.347107438017 1.4224000421370195e+38
6164.383561643836 1.4306365705333154e+38
6130.7901907356945 1.4189351358530267e+38
6097.560975609756 1.3667845744587782e+38
6064.6900269541775 1.3022012661495925e+38
6032.171581769437 1.2328554689387988e+38
6000.0 1.1730994984197717e+38
5968.169761273209 1.1803847656733493e+38
5936.675461741424 1.262004148925666e+38
5905.511811023622 1.364757379089788e+38
5874.6736292428195 1.481788786794871e+38
5844.155844155844 1.6091134796389441e+38
5813.953488372093 1.6624383322472282e+38
5784.061696658098 1.6715984108325796e+38
5754.475703324808 1.6853897496445693e+38
5725.1908396946565 1.698011535982346e+38
5696.202531645569 1.6988734256401565e+38
5667.506297229218 1.6941193340235545e+38
5639.097744360903 1.678537017899077e+38
5610.972568578554 1.6486248959887933e+38
5583.126550868487 1.611358250227429e+38
5555.555555555557 1.5640119329023943e+38
5528.255528255528 1.5520168888284312e+38
5501.222493887531 1.5962982160616942e+38
5474.452554744525 1.6671993222248e+38
5447.941888619855 1.753230564497565e+38
5421.686746987952 1.8558932824648046e+38
5395.6834532374105 1.96396652775705e+38
5369.928400954654 1.983874306237797e+38
5344.418052256532 2.0050318409742282e+38
5319.148936170213 2.0308510681478488e+38
5294.117647058824 2.05734846733356e+38
5269.320843091334 2.083697500683261e+38
5244.755244755243 2.1002310699277144e+38
5220.417633410672 2.1096586806999198e+38
5196.304849884526 2.1130365642658717e+38
5172.413793103448 2.1079157462556148e+38
5148.741418764303 2.101239823750946e+38
5125.284738041003 2.0903337486461127e+38
5102.040816326529 2.0675353260776973e+38
5079.006772009029 2.0259329012140582e+38
5056.179775280899 1.968034148011662e+38
5033.557046979867 1.8958427810754632e+38
5011.135857461024 1.8146246603951738e+38
4988.913525498891 1.7393765246746934e+38
4966.887417218542 1.6767133867156763e+38
4945.054945054944 1.6158578410671519e+38
4923.413566739607 1.5589878340812645e+38
4901.960784313725 1.5035604100070824e+38
4880.694143167028 1.4431148351925267e+38
4859.611231101511 1.401732762183336e+38
4838.709677419355 1.4163718245458802e+38
4817.98715203426 1.448941188284913e+38
4797.441364605544 1.4986777137051529e+38
4777.070063694267 1.5635115952294321e+38
4756.871035940803 1.637581242950359e+38
4736.8421052631575 1.610004324214262e+38
4716.981132075471 1.532850353517927e+38
4697.286012526096 1.5382656218757027e+38
4677.754677754678 1.560359054005339e+38
4658.3850931677025 1.5876412930868984e+38
4639.1752577319585 1.6165321632520376e+38
4620.1232032854205 1.696343759898291e+38
4601.226993865031 1.806508151756015e+38
4582.4847250509165 1.8998281886290473e+38
4563.894523326571 2.0202617698132665e+38
4545.454545454544 2.1653800200122667e+38
4527.162977867203 2.3316013488862344e+38
4509.018036072143 2.4075858943670484e+38
4491.017964071857 2.449077181217884e+38
4473.161033797216 2.4825621505018658e+38
4455.445544554455 2.4951984747517325e+38
4437.869822485207 2.4795087681884668e+38
4420.432220039293 2.4371241208541124e+38
4403.1311154598825 2.3681131059886004e+38
4385.964912280701 2.281270807556562e+38
4368.9320388349515 2.1755355937497173e+38
4352.030947775628 2.0582771405772185e+38
4335.260115606937 1.94260833776039e+38
4318.618042226487 1.8285511231851257e+38
4302.103250478011 1.7296708572919945e+38
4285.714285714285 1.6663829278334975e+38
4269.449715370019 1.6307502429254964e+38
4253.308128544423 1.617098692522132e+38
4237.28813559322 1.6101174052709092e+38
4221.388367729832 1.6173784160964343e+38
4205.607476635513 1.6387706591033746e+38
4189.944134078212 1.6803211760789649e+38
4174.397031539888 1.7645228403832175e+38
4158.964879852126 1.869620622456864e+38
4143.646408839779 1.9742854657586353e+38
4128.440366972477 2.0772044577387895e+38
4113.345521023765 2.1738375996501552e+38
4098.360655737705 2.2158097243430106e+38
4083.4845735027225 2.2500257603622957e+38
4068.716094032549 2.2723344881969153e+38
4054.054054054054 2.2913087924085065e+38
4039.4973070017945 2.321534129092631e+38
4025.044722719141 2.360939046557563e+38
4010.6951871657748 2.3995302690443626e+38
3996.4476021314385 2.4436064957702617e+38
3982.3008849557523 2.47980411566683e+38
3968.253968253968 2.5344366811413576e+38
3954.3057996485063 2.5898520262274453e+38
3940.4553415061287 2.6276673878258076e+38
3926.7015706806287 2.6565390514319332e+38
3913.043478260869 2.709649516995996e+38
3899.48006932409 2.769133793869788e+38
3886.0103626943 2.8195172606708377e+38
3872.6333907056796 2.836555922820829e+38
3859.3481989708403 2.8479171461438497e+38
3846.153846153846 2.8557603766347915e+38
3833.04940374787 2.8627015624744583e+38
3820.033955857385 2.820117992897734e+38
3807.106598984772 2.768228035703896e+38
3794.266441821247 2.718926813572328e+38
3781.5126050420167 2.6467067075528272e+38
3768.844221105527 2.5625676209510874e+38
3756.2604340567614 2.470091409056e+38
3743.7603993344424 2.345352378948896e+38
3731.3432835820895 2.2318685178795306e+38
3719.0082644628096 2.149489356919022e+38
3706.7545304777586 2.1043937846574788e+38
3694.5812807881775 2.0601705929245654e+38
3682.487725040916 2.0166620358352385e+38
3670.47308319739 1.972088996198335e+38
3658.5365853658536 1.9306544057668055e+38
3646.6774716369528 1.8927782340058563e+38
3634.8949919224556 1.9193726401956386e+38
3623.1884057971015 1.9591520630038334e+38
3611.556982343499 1.9951308634773605e+38
