3761.7554858934163 1.480968287253836e+38
3773.584905660377 1.441402366637979e+38
3785.4889589905365 1.5196192469736382e+38
3797.4683544303793 1.6239595388584173e+38
3809.5238095238096 1.797595085162461e+38
3821.6560509554142 2.0743648815927904e+38
3833.8658146964854 2.437004720609119e+38
3846.153846153846 2.827957404221804e+38
3858.5209003215436 3.186270953461733e+38
3870.9677419354834 3.409898555444411e+38
3883.4951456310678 3.5359224262308064e+38
3896.103896103896 3.589791061614784e+38
3908.7947882736153 3.594403041653823e+38
3921.5686274509803 3.591760528608393e+38
3934.426229508197 3.6129998958080865e+38
3947.368421052631 3.562049998040544e+38
3960.39603960396 3.492184574701297e+38
3973.5099337748343 3.43024703900958e+38
3986.710963455149 3.3701637117042092e+38
4000.0 3.3059308655636246e+38
4013.377926421405 3.1739903120479213e+38
4026.8456375838923 2.9766463390729333e+38
4040.40404040404 2.8332994582952034e+38
4054.054054054054 2.6709325846179245e+38
4067.7966101694915 2.2922363722243905e+38
4081.6326530612246 1.9691188061342e+38
4095.563139931741 1.8046557092508974e+38
4109.58904109589 1.743205989380624e+38
4123.711340206186 1.8075063328913898e+38
4137.931034482759 1.9081360650101783e+38
4152.249134948096 1.917172377413756e+38
4166.666666666666 1.813949719464642e+38
4181.184668989547 1.8153372326171273e+38
4195.804195804196 1.8594650847097624e+38
4210.526315789473 1.7789278114842718e+38
4225.352112676056 1.7025968635259157e+38
4240.282685512368 1.684849222621872e+38
4255.31914893617 1.6792896458779805e+38
4270.462633451957 1.673528089649267e+38
4285.714285714285 1.6496260583937164e+38
4301.075268817204 1.5630587851339296e+38
4316.546762589928 1.4698843525513397e+38
4332.129963898917 1.4228045620553098e+38
4347.826086956522 1.430298455323191e+38
4363.636363636364 1.5115491693868877e+38
4379.56204379562 1.6487258458744166e+38
4395.604395604395 1.8186167421320703e+38
4411.764705882353 2.0350454791571695e+38
4428.044280442804 2.320087018676989e+38
4444.444444444444 2.711611113065389e+38
4460.96654275093 3.1366863032575977e+38
4477.611940298507 3.5862149286711584e+38
4494.38202247191 4.095367667343971e+38
4511.278195488722 4.5391221547033965e+38
4528.301886792453 4.8323152955342996e+38
4545.454545454545 4.945297494922128e+38
4562.737642585552 4.9803018568096954e+38
4580.152671755724 4.932014184358436e+38
4597.701149425287 4.727629370654531e+38
4615.384615384616 4.4091230404242846e+38
4633.204633204633 4.0897571769338756e+38
4651.162790697675 3.682410721764747e+38
4669.260700389105 3.0789287450026822e+38
4687.5 2.519121140825225e+38
4705.882352941177 2.1568128938053517e+38
4724.4094488188975 2.0338279149440117e+38
4743.083003952569 2.0037493844272106e+38
4761.9047619047615 1.934023937443122e+38
4780.876494023904 1.903843364627666e+38
4800.0 1.9265502682365566e+38
4819.277108433735 2.024284740062378e+38
4838.709677419355 2.225392229138907e+38
4858.2995951417 2.5391439946635163e+38
4878.048780487805 2.872318704779591e+38
4897.95918367347 2.4750934615120165e+38
4918.0327868852455 2.1133023544328264e+38
4938.271604938272 1.9115451843679128e+38
4958.677685950413 1.8037246124464847e+38
4979.253112033195 1.7783103612083366e+38
5000.0 1.882780825691985e+38
5020.920502092051 2.075515565229292e+38
5042.01680672269 2.2312821386679986e+38
5063.291139240507 2.3417526941375002e+38
5084.745762711865 2.4608932036765155e+38
5106.382978723404 2.6048497733612927e+38
5128.205128205129 2.742365641848668e+38
5150.214592274678 2.9771632172110513e+38
5172.413793103448 3.3519583491922498e+38
5194.805194805195 3.7140449259913864e+38
5217.391304347826 3.99488128856172e+38
5240.174672489083 4.173167321526523e+38
5263.1578947368425 4.2543596932447635e+38
5286.343612334802 4.231492355167697e+38
5309.734513274337 4.177863554004738e+38
5333.333333333334 4.127454965820143e+38
5357.142857142857 4.062639610161738e+38
5381.165919282511 4.016476145109193e+38
5405.405405405406 3.9631985201703926e+38
5429.864253393665 3.894300547965519e+38
5454.545454545454 3.8278750689559536e+38
5479.45205479452 3.749147382715174e+38
5504.587155963302 3.676933189348847e+38
5529.953917050691 3.621421277446841e+38
5555.555555555557 3.5675695237571265e+38
5581.39534883721 3.435477070741173e+38
5607.476635514018 3.2997092654493157e+38
5633.802816901409 3.1879829457405017e+38
5660.377358490567 3.0711844532022764e+38
5687.203791469195 2.9353025100171804e+38
5714.285714285715 2.8779314593873188e+38
5741.626794258374 2.9574302056661813e+38
5769.2307692307695 3.0030377313151447e+38
5797.101449275362 3.0558899934040937e+38
5825.242718446601 3.1377653402537028e+38
5853.658536585366 3.1374003557655682e+38
5882.352941176471 3.1026826398636985e+38
5911.330049261083 3.049717426694135e+38
5940.59405940594 2.9308757983308584e+38
5970.149253731344 2.8275670086282563e+38
6000.0 2.823114646535583e+38
6030.150753768844 2.7885364662250143e+38
6060.606060606061 2.6989627407982464e+38
6091.370558375634 2.4658508541696076e+38
6122.448979591836 2.1179596736253737e+38
6153.846153846155 1.9447303314256355e+38
6185.567010309278 2.0924061948858836e+38
6217.616580310881 2.3791813192782883e+38
6250.0 2.6582999647957393e+38
6282.722513089004 2.916427968604805e+38
6315.789473684211 3.0469578669913667e+38
6349.20634920635 3.070304955875977e+38
6382.978723404255 3.0477094125533873e+38
6417.1122994652405 2.9647155688982483e+38
6451.612903225807 2.8448292108820853e+38
6486.486486486486 2.7191921868727725e+38
6521.739130434783 2.6215648306891356e+38
6557.377049180328 2.6045939582403184e+38
6593.406593406592 2.6123696334969543e+38
6629.834254143647 2.6041324002325057e+38
6666.666666666667 2.587206379202536e+38
6703.910614525139 2.5763152116088488e+38
6741.573033707865 2.5434143519275282e+38
6779.661016949153 2.4903536696126032e+38
6818.181818181818 2.457313381828824e+38
6857.142857142857 2.4271876202495634e+38
6896.551724137931 2.4072287882312008e+38
6936.416184971097 2.3831200285794113e+38
6976.7441860465115 2.344720444204539e+38
7017.543859649123 2.2961447792795334e+38
7058.823529411764 2.259372693661505e+38
7100.591715976332 2.2376881672562604e+38
7142.857142857143 2.2230315060508645e+38
7185.628742514969 2.195006410691661e+38
7228.915662650603 2.164237130157031e+38
7272.727272727273 2.1415072333554076e+38
7317.073170731707 2.1066955550879728e+38
7361.963190184049 1.4420169287054125e+38
7407.407407407407 7.150332151445873e+37
7453.416149068322 5.808113875653634e+37
7500.0 6.973457536466527e+37
7547.169811320754 1.0658087581894324e+38
7594.936708860759 1.5135270621538539e+38
7643.3121019108285 1.7307331379997045e+38
7692.307692307692 1.8272897045110462e+38
7741.935483870967 1.719908624383357e+38
7792.207792207792 1.7851789894345843e+38
7843.137254901961 1.8203598025461484e+38
7894.736842105262 1.8609620614616515e+38
7947.019867549669 1.8340454742341732e+38
8000.0 1.6997519881819267e+38
8053.691275167785 1.0865404047094045e+38
8108.108108108108 5.587027910756261e+37
8163.265306122449 5.080523997576429e+37
8219.17808219178 5.005803919751814e+37
8275.862068965518 5.800778511239857e+37
8333.333333333332 7.699557521599455e+37
8391.608391608392 1.0654403710158238e+38
8450.704225352112 1.520079911299765e+38
8510.63829787234 1.8442868852651843e+38
8571.42857142857 1.9975388378712468e+38
8633.093525179856 1.9770326263597435e+38
8695.652173913044 1.9187946684457242e+38
8759.12408759124 1.753448577947989e+38
8823.529411764706 1.4084611521850277e+38
8888.888888888889 1.0402625802131724e+38
8955.223880597014 7.956070425190416e+37
9022.556390977445 9.55680152273342e+37
9090.90909090909 1.1950955330873784e+38
9160.305343511449 1.3299290098035156e+38
9230.769230769232 1.3253755564849444e+38
9302.32558139535 1.2803411864938187e+38
9375.0 1.226553712210068e+38
9448.818897637795 1.1763016762360383e+38
9523.809523809523 1.1390071798036505e+38
9600.0 1.112440114698168e+38
9677.41935483871 1.1002268842504356e+38
9756.09756097561 1.0628496013596564e+38
9836.065573770491 1.0398283892515886e+38
9917.355371900827 1.029478588462007e+38
10000.0 1.0119362028367796e+38
