8800.0 2.978760518260419e+37
8772.50868756362 2.997913321500277e+37
8745.188606620477 3.016192639972773e+37
8718.038162346948 3.048022851366784e+37
8691.055779663375 3.0962864913717493e+37
8664.23990292945 3.1358480600018266e+37
8637.588995645261 3.1712384309347516e+37
8611.101540157804 3.1746288254069296e+37
8584.776037372903 3.171268076119602e+37
8558.61100647238 3.1628349763289626e+37
8532.604984636393 3.1733848680477705e+37
8506.756526770823 3.198570939014162e+37
8481.064205239581 3.216459906945903e+37
8455.526609601786 3.225360115089429e+37
8430.14234635364 3.219226342708137e+37
8404.910038674961 3.200936333070664e+37
8379.828326180255 3.172746311753171e+37
8354.895864674221 3.151447478678507e+37
8330.111325911606 3.179887561310563e+37
8305.473397361338 3.2214302205501477e+37
8280.980781974817 3.251852559442249e+37
8256.632197958306 3.249048605244539e+37
8232.426378549311 3.2037519359921054e+37
8208.362071796892 3.1487675087611488e+37
8184.438040345822 3.0878757237139105e+37
8160.65306122449 3.0209966460847464e+37
8137.0059256365175 2.969708966201047e+37
8113.495438755965 2.913997914291598e+37
8090.120419526091 2.854541017833023e+37
8066.879700461573 2.7941522443188063e+37
8043.772127454135 2.751692938331905e+37
8020.796559581502 2.7060610260317293e+37
7997.951868919611 2.6948825621706425e+37
7975.236940358043 2.689957092897645e+37
7952.650671418571 2.7007486856299415e+37
7930.191972076788 2.7097418417678373e+37
7907.85976458676 2.73530454145833e+37
7885.652983308617 2.775362604661563e+37
7863.570574539048 2.837067805729571e+37
7841.611496344639 2.9292495873839005e+37
7819.774718397996 3.052700466358847e+37
7798.059221816593 3.1809047389031766e+37
7776.463999004293 3.312167593778417e+37
7754.9880534955155 3.35999415850903e+37
7733.630399801957 3.365358696836887e+37
7712.390063261842 3.4105279974511494e+37
7691.266079891672 3.533466223022432e+37
7670.2574962403705 3.6614245785890145e+37
7649.363369245837 3.788895622522403e+37
7628.582766093831 3.9224327408065363e+37
7607.914764079147 3.9984429994783334e+37
7587.358450469049 4.0424848061056137e+37
7566.9129223689 4.0794735351747536e+37
7546.577286589969 4.0893849930016987e+37
7526.350659519364 4.0906540501959337e+37
7506.23216699204 4.099224210534363e+37
7486.220944164869 4.1058692080847076e+37
7466.3161353927035 4.1069680475620973e+37
7446.51689410643 4.1180843541400117e+37
7426.822382692936 4.131885441112759e+37
7407.231772377 4.1338756163021947e+37
7387.744243105028 4.130767062492725e+37
7368.358983430627 4.1100873879505513e+37
7349.075190401975 4.077388804013016e+37
7329.892069450961 4.058883873212635e+37
7310.808834284043 4.056312821029507e+37
7291.824706774814 4.055162048127129e+37
7272.938916858248 4.0648537678041063e+37
7254.150702426564 4.0773837743490546e+37
7235.459309226716 4.093033036254561e+37
7216.863990759458 4.1051149948974396e+37
7198.364008179959 4.1148044169803764e+37
7179.958630199954 4.1223237119517322e+37
7161.647132991374 4.1292029490841856e+37
7143.428800091466 4.138319146513462e+37
7125.302922309337 4.1852273745905127e+37
7107.268797633944 4.272330961072102e+37
7089.32573114345 4.375911048545441e+37
7071.473034915964 4.445835445196676e+37
7053.710027941634 4.483950537281648e+37
7036.0360360360355 4.515495541559495e+37
7018.450391754894 4.579466515790321e+37
7000.952434310045 4.715152937800599e+37
6983.541509486685 4.856508131223252e+37
6966.216969561825 4.977804436645713e+37
6948.978173223967 5.015579243023396e+37
6931.824485493981 5.059344902445341e+37
6914.755277647124 5.113907836888695e+37
6897.7699271362335 5.16546472416894e+37
6880.867817516037 5.209339498261352e+37
6864.04833836858 5.256299319358502e+37
6847.310885229733 5.300688835090406e+37
6830.6548595167815 5.3427879771251335e+37
6814.079668457071 5.390685910436854e+37
6797.584725017679 5.431296300242916e+37
6781.169447836114 5.474406652317937e+37
6764.833261152013 5.5207897760447135e+37
6748.575594739827 5.549087095847312e+37
6732.395883842465 5.568816640557693e+37
6716.293569105909 5.582730382137694e+37
6700.268096514745 5.593145568904461e+37
6684.318917328626 5.604424556076329e+37
6668.445488019638 5.614372219451536e+37
6652.647270210557 5.639041608834368e+37
6636.9237306139785 5.680700616576132e+37
6621.274340972315 5.727193562282065e+37
6605.698577998626 5.770019126556984e+37
6590.195923318303 5.817202559497648e+37
6574.765863411554 5.864705770048548e+37
6559.407889556704 5.925068203032537e+37
6544.121497774286 5.978900225458601e+37
6528.906188771911 6.021610581111075e+37
6513.761467889908 6.039658262332952e+37
6498.686845047716 6.060233433359955e+37
6483.681834691019 6.07036203157134e+37
6468.745955739614 6.068503360451769e+37
6453.878731535999 6.057755306404175e+37
6439.079689794656 6.05388729088525e+37
6424.348362552053 6.062277075461752e+37
6409.684286117309 6.080120203595993e+37
6395.087001023541 6.106503451083783e+37
6380.556051979882 6.11873346656274e+37
6366.090987824138 6.156645601745476e+37
6351.691361476097 6.196610974842313e+37
6337.35672989147 6.242397948103376e+37
6323.086654016444 6.226556875884894e+37
6308.880698742869 6.197608909007206e+37
6294.7384328640155 6.193926311337366e+37
6280.659429030961 6.208186914661077e+37
6266.643263709536 6.221018411589069e+37
6252.689517137853 6.230276177297561e+37
6238.797773284406 6.2344284286108275e+37
6224.967619806715 6.245786151500291e+37
6211.198648010538 6.2530573809016605e+37
6197.490452809602 6.254163325228291e+37
6183.8426326858835 6.241769144360244e+37
6170.254789650405 6.229339120454101e+37
6156.726529204543 6.21104129224906e+37
6143.257460301854 6.190563174106934e+37
6129.847195310392 6.177334205568607e+37
6116.495349975526 6.170599955788589e+37
6103.201543383233 6.168819999935343e+37
6089.965397923876 6.157603661511106e+37
6076.78653925645 6.142299088540734e+37
6063.664596273291 6.084408614830041e+37
6050.599201065247 6.044290236822241e+37
6037.589988887278 6.0345825015033485e+37
6024.636598124533 6.081420487286245e+37
6011.738670258828 6.159396057582069e+37
5998.895849835578 6.232559832574086e+37
5986.1077844311385 6.308738259545366e+37
5973.374124620569 6.341044270893474e+37
5960.694523945812 6.37003609530197e+37
5948.0686388842605 6.405177435739485e+37
5935.4961288177465 6.444363776301728e+37
5922.976656001896 6.476160959755921e+37
5910.5098855359 6.500776857998364e+37
5898.095485332641 6.510457898730421e+37
5885.733126089209 6.534818039433902e+37
5873.422481257785 6.572339260024133e+37
5861.163227016886 6.615200000271366e+37
5848.955042242973 6.667147608044285e+37
5836.797608482414 6.736673677383514e+37
5824.6906099237885 6.802046574109012e+37
5812.633733370547 6.864582081472821e+37
5800.626668213996 6.925653059034661e+37
5788.6691064066345 6.981609410930723e+37
5776.7607424358 7.021975248573382e+37
5764.901273297657 7.0637845808172555e+37
5753.09039847149 7.148843793223755e+37
5741.327819894325 7.343130243171749e+37
5729.613241935854 7.539167176927635e+37
5717.94637137366 7.732048809796652e+37
5706.3269173687695 7.92170627061384e+37
5694.754591441462 8.103544343032326e+37
5683.229107447413 8.153877850165477e+37
5671.750181554103 8.171077423578228e+37
5660.317532217516 8.184502935524654e+37
5648.930880159126 8.187820801826676e+37
5637.589948343146 8.203731788975018e+37
5626.294461954076 8.217925243969437e+37
5615.044148374486 8.210723048761078e+37
5603.8387371631015 8.203974547654099e+37
5592.677960033119 8.189765991341692e+37
5581.561550830802 8.169861280744296e+37
5570.489245514322 8.14819350118007e+37
5559.460782132847 8.115640031374984e+37
5548.475900805897 8.063523871782445e+37
5537.534343702916 8.052926230894408e+37
5526.635855023109 8.055603178668183e+37
5515.780180975502 8.04042361154086e+37
5504.9670697592455 8.016281970104639e+37
5494.196271544143 7.982183520520291e+37
5483.467538451412 7.949862243430276e+37
5472.780624534665 7.908757403801784e+37
5462.135285761119 7.874166338213238e+37
5451.53127999302 7.854468453893342e+37
5440.968366969281 7.839194199276547e+37
5430.446308287341 7.826739482958232e+37
5419.964867385223 7.817294962188148e+37
5409.523809523809 7.807944869447654e+37
5399.122901769319 7.815935365982749e+37
5388.7619129759805 7.858096842121524e+37
5378.440613768911 7.910709080156326e+37
5368.158776527193 7.968336204539953e+37
5357.916175367134 8.028224576786825e+37
5347.712586125734 8.067866793432454e+37
5337.5477863443175 8.105224483907631e+37
5327.421555252388 8.139911362319441e+37
5317.333673751622 8.177770377215477e+37
5307.283924400084 8.243363588388535e+37
5297.272091396597 8.425773972952035e+37
5287.297960565287 8.612540300667944e+37
5277.36131934033 8.803313850360155e+37
5267.4619567508325 8.968110745922463e+37
5257.599663405912 9.013631432370502e+37
5247.774231479925 9.05210597999576e+37
5237.98545469788 9.08202105818893e+37
5228.2331283209905 9.104348765812193e+37
5218.517049132405 9.12496031819349e+37
5208.837015423093 9.153519232515541e+37
5199.192826977886 9.183706260460814e+37
5189.584285061672 9.205957436962114e+37
5180.011192405745 9.221485928572595e+37
5170.473353194307 9.241277861361626e+37
5160.9705730511105 9.26134820330311e+37
5151.5026590262605 9.282162178458701e+37
5142.069419583154 9.30175903624503e+37
5132.670664585559 9.324930119165762e+37
5123.3062052848445 9.346922689157969e+37
5113.975854307346 9.367979937699837e+37
5104.679425641864 9.38016357537435e+37
5095.416734627304 9.380797950594861e+37
5086.187597940452 9.37173921756159e+37
5076.991833583878 9.360918893606386e+37
5067.829260873975 9.347704030809864e+37
5058.699700429115 9.3307746176463e+37
5049.602974157961 9.31646298663852e+37
5040.538905247872 9.30596038829166e+37
5031.507318153451 9.299568270062005e+37
5022.50803858521 9.29590127438989e+37
5013.540893498365 9.29073832054362e+37
5004.605711081742 9.287385061343347e+37
4995.702320746797 9.27738268592979e+37
4986.830553116768 9.27636588788102e+37
4977.990240015934 9.271674839823866e+37
4969.181214458982 9.274065540473577e+37
4960.403310640493 9.272097062135132e+37
4951.656363924552 9.249115921293956e+37
4942.940210834438 9.19204365637385e+37
4934.254689042448 9.1179268058167e+37
4925.599637359823 9.045332894363033e+37
4916.974895726765 8.975542683653918e+37
4908.380305202585 8.898125436077243e+37
4899.815707955927 8.818645959114316e+37
4891.2809472551135 8.740552442614484e+37
4882.775867458581 8.6477850125353e+37
4874.300314005422 8.594505847791308e+37
4865.854133406021 8.57324786763173e+37
4857.4371732327845 8.54984622172394e+37
4849.049282110982 8.53950536785448e+37
4840.690309709659 8.530403999122126e+37
4832.360106732665 8.466371618363452e+37
4824.058524909762 8.435359427421375e+37
4815.785416987823 8.3867323667598105e+37
4807.540636722131 8.363407584095983e+37
4799.324038867764 8.312867036001827e+37
4791.13547917106 8.277603840716634e+37
4782.974814361172 8.222268818379181e+37
4774.841902141724 8.187405404006246e+37
4766.73660118253 8.16006787819802e+37
4758.658771111408 8.090971858789819e+37
4750.608272506082 8.024612768761052e+37
4742.584966886162 7.97765019884518e+37
4734.588716705188 7.934797296630982e+37
4726.619385342789 7.996589588703558e+37
4718.676837096896 8.017482550826841e+37
4710.760937176033 8.044617332107169e+37
4702.871551691694 8.064587245513391e+37
4695.008547650805 8.064139889123832e+37
4687.171792948237 8.057028993806594e+37
4679.361156359415 8.0464839981675995e+37
4671.576507532992 8.063581247746386e+37
4663.817716983597 8.199107329681095e+37
4656.084656084657 8.34273510973456e+37
4648.377197061285 8.490740906819891e+37
4640.695212983251 8.680055919212155e+37
4633.038577758004 8.81547073752288e+37
4625.4071661237795 8.79773342211102e+37
4617.800853642763 8.808046283723197e+37
4610.219516694337 8.83111729343606e+37
4602.66303246837 8.839219509024941e+37
4595.131278958594 8.842502555448111e+37
4587.624134956036 8.85876965539638e+37
4580.141480042518 8.878275194837177e+37
4572.6831945842105 8.891707885338457e+37
4565.2491597252665 8.975249088921337e+37
4557.839257381504 9.156267985734086e+37
4550.4533702341505 9.36559122464054e+37
4543.091381723655 9.602126778834182e+37
4535.753176043558 9.86579731138623e+37
4528.438638134412 1.0148139825836824e+38
4521.1476536777745 1.0433115457483586e+38
4513.880109090252 1.072309325708424e+38
4506.6358915176 1.100473788584924e+38
4499.414888828878 1.1274465280857415e+38
4492.21698961067 1.1231296429074934e+38
4485.042083161352 1.1099984106811261e+38
4477.890059485416 1.0945500980357067e+38
4470.760809287848 1.081167407553973e+38
4463.654223968566 1.06723513733037e+38
4456.570195616898 1.0662917732710833e+38
4449.508617006125 1.0662263226112465e+38
4442.469381588069 1.0768397090309368e+38
4435.452383487736 1.0884687587952626e+38
4428.457517498007 1.1006749661748723e+38
4421.484679074376 1.113997415342486e+38
4414.533764329747 1.1258664769466856e+38
4407.604670029276 1.1274118409549402e+38
4400.697293585252 1.1282167071807999e+38
4393.8115330520395 1.1283990916038466e+38
4386.947287121066 1.1278894146021246e+38
4380.1044551158475 1.1268751850730826e+38
4373.282936987069 1.125579594214789e+38
4366.482633307708 1.1245174914490186e+38
4359.703445268207 1.1245662316283023e+38
4352.945274671683 1.1245219694425004e+38
4346.208023929186 1.1240621314027184e+38
4339.491596055008 1.1230902778575804e+38
4332.795894662021 1.1211689053837035e+38
4326.1208239570715 1.1191102251855024e+38
4319.466288736411 1.1166890781706502e+38
4312.832194381169 1.1130539944527755e+38
4306.21844685287 1.109366683158868e+38
4299.624952688986 1.1067647812179578e+38
4293.05161899854 1.105249764280928e+38
4286.4983534577395 1.1024153177620246e+38
4279.965064305654 1.0970150700730232e+38
4273.451660339933 1.0904224191342614e+38
4266.958050912568 1.0836791674933295e+38
4260.484145925674 1.077582214537094e+38
4254.029855827333 1.0733228587972829e+38
4247.595091607465 1.0679075157601946e+38
4241.179764793728 1.061964591730554e+38
4234.783787447472 1.0544646877759898e+38
4228.407072159715 1.0484703945563697e+38
4222.049532047167 1.0439956605331154e+38
4215.711080748276 1.0416645660636545e+38
4209.391632419322 1.040947448033387e+38
4203.091101730547 1.0405438306370872e+38
4196.809403862301 1.040339169979147e+38
4190.546454501249 1.0416924739596709e+38
4184.302169836593 1.0451266577180667e+38
4178.07646655633 1.0477355544158251e+38
4171.869261843555 1.0489757165359285e+38
4165.680473372781 1.0508368211688534e+38
4159.5100193063045 1.0526576031930058e+38
4153.357818290597 1.0542677689673964e+38
4147.223789452723 1.0541473761957832e+38
4141.107852396812 1.0542904666315359e+38
4135.009927200529 1.0562813820023302e+38
4128.929934411604 1.0582660635660428e+38
4122.867795044376 1.0616836745494615e+38
4116.823430576375 1.0647712568109373e+38
4110.796762944931 1.0695551972040488e+38
4104.787714543812 1.075515711597754e+38
4098.7962082198965 1.0828437320352332e+38
4092.8221672698687 1.0899963164122198e+38
4086.8655154369444 1.0993264241611962e+38
4080.926176907627 1.1084281912124402e+38
4075.0040763084953 1.1152460827258875e+38
4069.099138703008 1.1205418998702631e+38
4063.211289588346 1.1248022769335733e+38
4057.3404548922836 1.130674042688551e+38
4051.4865609700746 1.1339840181274204e+38
4045.649534601376 1.1456662378399265e+38
4039.829302987198 1.164657371534693e+38
4034.0257937468728 1.1834191342600194e+38
4028.238934915058 1.202965430323543e+38
4022.468654938759 1.22250001354079e+38
4016.714882674381 1.2395196243491087e+38
4010.9775473848085 1.2506203068801147e+38
4005.2565787364983 1.2542797198255805e+38
3999.5519067966134 1.256897791731577e+38
3993.863462030172 1.2598118081943385e+38
3988.1911752972155 1.2622682684296006e+38
3982.5349778500176 1.2657827735149924e+38
3976.8948013302993 1.2674569557231831e+38
3971.270577766479 1.2688733570900482e+38
3965.662239570937 1.27003365672845e+38
3960.069719537316 1.2705042516730562e+38
3954.49295083783 1.2674069963078335e+38
3948.9318670206044 1.2590390492196607e+38
3943.3864020070378 1.2557486356873471e+38
3937.8564900891815 1.2541927097010036e+38
3932.3420659271505 1.252336979801042e+38
3926.8430645465405 1.2496291185345711e+38
3921.3594213358856 1.248068032239164e+38
3915.8910720441227 1.2456988529347742e+38
3910.4379527780825 1.2434867343841537e+38
