3425.150 2.96595e-15 -9.90000e+01
3427.680 2.20384e-15 -9.90000e+01
3430.210 1.13018e-15 -9.90000e+01
3432.740 4.02423e-16 -9.90000e+01
3435.270 1.59800e-15 -9.90000e+01
3437.800 1.84781e-15 -9.90000e+01
3440.330 1.75992e-15 -9.90000e+01
3442.860 1.46384e-15 -9.90000e+01
3445.390 1.81042e-15 -9.90000e+01
3447.920 4.24681e-16 -9.90000e+01
3450.450 4.18931e-16 -9.90000e+01
3452.980 1.78396e-15 -9.90000e+01
3455.510 6.20698e-16 -9.90000e+01
3458.040 1.35554e-15 -9.90000e+01
3460.570 9.79614e-16 -9.90000e+01
3463.100 1.27517e-15 -9.90000e+01
3465.630 1.72281e-15 -9.90000e+01
3468.160 2.11990e-15 -9.90000e+01
3470.690 1.76923e-15 -9.90000e+01
3473.220 1.46666e-15 -9.90000e+01
3475.750 1.90192e-15 -9.90000e+01
3478.280 1.11481e-15 -9.90000e+01
3480.810 3.81184e-17 -9.90000e+01
3483.340 1.80721e-15 -9.90000e+01
3485.870 1.52637e-15 -9.90000e+01
3488.400 1.00875e-15 -9.90000e+01
3490.930 1.13143e-15 -9.90000e+01
3493.460 1.19295e-15 -9.90000e+01
3495.990 9.45534e-16 -9.90000e+01
3498.520 1.57875e-15 -9.90000e+01
3501.040 1.18392e-15 -9.90000e+01
3503.570 1.14033e-15 -9.90000e+01
3506.100 1.34642e-15 -9.90000e+01
3508.630 7.40173e-16 -9.90000e+01
3511.160 1.70217e-15 -9.90000e+01
3513.690 1.97392e-15 -9.90000e+01
3516.220 1.67677e-15 -9.90000e+01
3518.750 1.91666e-15 -9.90000e+01
3521.280 1.65431e-15 -9.90000e+01
3523.810 2.41008e-15 -9.90000e+01
3526.340 1.42309e-15 -9.90000e+01
3528.870 1.55070e-15 -9.90000e+01
3531.400 1.65448e-15 -9.90000e+01
3533.930 1.40281e-15 -9.90000e+01
3536.460 1.35636e-15 -9.90000e+01
3538.990 1.38939e-15 -9.90000e+01
3541.520 1.59739e-15 -9.90000e+01
3544.050 1.55257e-15 -9.90000e+01
3546.580 2.18171e-15 -9.90000e+01
3549.110 1.26817e-15 -9.90000e+01
3551.640 1.47712e-15 -9.90000e+01
3554.170 1.66850e-15 -9.90000e+01
3556.700 1.41992e-15 -9.90000e+01
3559.230 1.63567e-15 -9.90000e+01
3561.760 2.09459e-15 -9.90000e+01
3564.290 1.75075e-15 -9.90000e+01
3566.820 2.16131e-15 -9.90000e+01
3569.350 1.25514e-15 -9.90000e+01
3571.880 1.77133e-15 -9.90000e+01
3574.410 1.04902e-15 -9.90000e+01
3576.940 1.75648e-15 -9.90000e+01
3579.470 1.02365e-15 -9.90000e+01
3582.000 1.68535e-15 -9.90000e+01
3584.530 1.02628e-15 -9.90000e+01
3587.060 1.49067e-15 -9.90000e+01
3589.590 1.42472e-15 -9.90000e+01
3592.120 1.31368e-15 -9.90000e+01
3594.650 1.46322e-15 -9.90000e+01
3597.180 1.12921e-15 -9.90000e+01
3599.710 1.45879e-15 -9.90000e+01
3602.240 1.36986e-15 -9.90000e+01
3604.770 1.38232e-15 -9.90000e+01
3607.300 1.67358e-15 -9.90000e+01
3609.830 2.01877e-15 -9.90000e+01
3612.360 1.43147e-15 -9.90000e+01
3614.890 1.59238e-15 -9.90000e+01
3617.420 1.29873e-15 -9.90000e+01
3619.950 1.17024e-15 -9.90000e+01
3622.470 1.08607e-15 -9.90000e+01
3625.000 1.71934e-15 -9.90000e+01
3627.530 1.47255e-15 -9.90000e+01
3630.060 1.57145e-15 -9.90000e+01
3632.590 1.72660e-15 -9.90000e+01
3635.120 7.11285e-16 -9.90000e+01
3637.650 1.27312e-15 -9.90000e+01
3640.180 1.40117e-15 -9.90000e+01
3642.710 1.42449e-15 -9.90000e+01
3645.240 1.27496e-15 -9.90000e+01
3647.770 1.50621e-15 -9.90000e+01
3650.300 1.80967e-15 -9.90000e+01
3652.830 1.26282e-15 -9.90000e+01
3655.360 6.52373e-16 -9.90000e+01
3657.890 1.16633e-15 -9.90000e+01
3660.420 1.09155e-15 -9.90000e+01
3662.950 1.87175e-15 -9.90000e+01
3665.480 1.28601e-15 -9.90000e+01
3668.010 1.11827e-15 -9.90000e+01
3670.540 9.06523e-16 -9.90000e+01
3673.070 1.24314e-15 -9.90000e+01
3675.600 1.48325e-15 -9.90000e+01
3678.130 7.10640e-16 -9.90000e+01
3680.660 1.40338e-15 -9.90000e+01
3683.190 1.11141e-15 -9.90000e+01
3685.720 4.64670e-16 -9.90000e+01
3688.250 1.17351e-15 -9.90000e+01
3690.780 1.47337e-15 -9.90000e+01
3693.310 9.05047e-16 -9.90000e+01
3695.840 1.01928e-15 -9.90000e+01
3698.370 1.57923e-15 -9.90000e+01
3700.900 1.31619e-15 -9.90000e+01
3703.430 1.15439e-15 -9.90000e+01
3705.960 9.51720e-16 -9.90000e+01
3708.490 1.55087e-15 -9.90000e+01
3711.020 1.00545e-15 -9.90000e+01
3713.550 1.35103e-15 -9.90000e+01
3716.080 1.25205e-15 -9.90000e+01
3718.610 1.44094e-15 -9.90000e+01
3721.140 1.34429e-15 -9.90000e+01
3723.670 1.50219e-15 -9.90000e+01
3726.200 1.53590e-15 -9.90000e+01
3728.730 1.30426e-15 -9.90000e+01
3731.260 1.40328e-15 -9.90000e+01
3733.790 1.80382e-15 -9.90000e+01
3736.320 9.73557e-16 -9.90000e+01
3738.850 1.26850e-15 -9.90000e+01
3741.380 1.78527e-15 -9.90000e+01
3743.900 1.00857e-15 -9.90000e+01
3746.430 1.84452e-15 -9.90000e+01
3748.960 6.67001e-16 -9.90000e+01
3751.490 6.84550e-16 -9.90000e+01
3754.020 1.06899e-15 -9.90000e+01
3756.550 1.40252e-15 -9.90000e+01
3759.080 1.63964e-15 -9.90000e+01
3761.610 1.43384e-15 -9.90000e+01
3764.140 9.69358e-16 -9.90000e+01
3766.670 1.03582e-15 -9.90000e+01
3769.200 1.28323e-15 -9.90000e+01
3771.730 1.36145e-15 -9.90000e+01
3774.260 1.41889e-15 -9.90000e+01
3776.790 1.50584e-15 -9.90000e+01
3779.320 1.28519e-15 -9.90000e+01
3781.850 1.34471e-15 -9.90000e+01
3784.380 1.08830e-15 -9.90000e+01
3786.910 1.04822e-15 -9.90000e+01
3789.440 1.55187e-15 -9.90000e+01
3791.970 1.42993e-15 -9.90000e+01
3794.500 1.68320e-15 -9.90000e+01
3797.030 1.69995e-15 -9.90000e+01
3799.560 1.46109e-15 -9.90000e+01
3802.090 1.72481e-15 -9.90000e+01
3804.620 1.77626e-15 -9.90000e+01
3807.150 1.25080e-15 -9.90000e+01
3809.680 1.26214e-15 -9.90000e+01
3812.210 1.35258e-15 -9.90000e+01
3814.740 1.16604e-15 -9.90000e+01
3817.270 1.42215e-15 -9.90000e+01
3819.800 1.61529e-15 -9.90000e+01
3822.330 1.51217e-15 -9.90000e+01
3824.860 1.86405e-15 -9.90000e+01
3827.390 1.66929e-15 -9.90000e+01
3829.920 1.88095e-15 -9.90000e+01
3832.450 1.59097e-15 -9.90000e+01
3834.980 1.59549e-15 -9.90000e+01
3837.510 1.53719e-15 -9.90000e+01
3840.040 1.86196e-15 -9.90000e+01
3842.570 1.73587e-15 -9.90000e+01
3845.100 1.52237e-15 -9.90000e+01
3847.630 1.30731e-15 -9.90000e+01
3850.160 1.29853e-15 -9.90000e+01
3852.690 1.37587e-15 -9.90000e+01
3855.220 1.54498e-15 -9.90000e+01
3857.750 1.46786e-15 -9.90000e+01
3860.280 2.10787e-15 -9.90000e+01
3862.800 1.85418e-15 -9.90000e+01
3865.330 1.85118e-15 -9.90000e+01
3867.860 1.91830e-15 -9.90000e+01
3870.390 1.83676e-15 -9.90000e+01
3872.920 1.94024e-15 -9.90000e+01
3875.450 1.88256e-15 -9.90000e+01
3877.980 2.04420e-15 -9.90000e+01
3880.510 1.97981e-15 -9.90000e+01
3883.040 1.67925e-15 -9.90000e+01
3885.570 2.05314e-15 -9.90000e+01
3888.100 1.76641e-15 -9.90000e+01
3890.630 1.95690e-15 -9.90000e+01
3893.160 1.80803e-15 -9.90000e+01
3895.690 1.72906e-15 -9.90000e+01
3898.220 2.18381e-15 -9.90000e+01
3900.750 1.59340e-15 -9.90000e+01
3903.280 1.58809e-15 -9.90000e+01
3905.810 1.89858e-15 -9.90000e+01
3908.340 1.76637e-15 -9.90000e+01
3910.870 2.07662e-15 -9.90000e+01
3913.400 1.68279e-15 -9.90000e+01
3915.930 2.06993e-15 -9.90000e+01
3918.460 1.99678e-15 -9.90000e+01
3920.990 2.31226e-15 -9.90000e+01
3923.520 2.25055e-15 -9.90000e+01
3926.050 2.09367e-15 -9.90000e+01
3928.580 2.16478e-15 -9.90000e+01
3931.110 2.22831e-15 -9.90000e+01
3933.640 2.21689e-15 -9.90000e+01
3936.170 2.04425e-15 -9.90000e+01
3938.700 2.00556e-15 -9.90000e+01
3941.230 2.34648e-15 -9.90000e+01
3943.760 2.22096e-15 -9.90000e+01
3946.290 1.92362e-15 -9.90000e+01
3948.820 1.67131e-15 -9.90000e+01
3951.350 1.89200e-15 -9.90000e+01
3953.880 2.16998e-15 -9.90000e+01
3956.410 2.07539e-15 -9.90000e+01
3958.940 2.25013e-15 -9.90000e+01
3961.470 2.09026e-15 -9.90000e+01
3964.000 2.31228e-15 -9.90000e+01
3966.530 2.14843e-15 -9.90000e+01
3969.060 2.14491e-15 -9.90000e+01
3971.590 2.32494e-15 -9.90000e+01
3974.120 2.29548e-15 -9.90000e+01
3976.650 2.20735e-15 -9.90000e+01
3979.180 2.36385e-15 -9.90000e+01
3981.710 1.76544e-15 -9.90000e+01
3984.230 1.71820e-15 -9.90000e+01
3986.760 1.76246e-15 -9.90000e+01
3989.290 2.02084e-15 -9.90000e+01
3991.820 2.20680e-15 -9.90000e+01
3994.350 2.32439e-15 -9.90000e+01
3996.880 2.03385e-15 -9.90000e+01
3999.410 2.38356e-15 -9.90000e+01
4001.940 1.89605e-15 -9.90000e+01
4004.470 2.27792e-15 -9.90000e+01
4007.000 2.29200e-15 -9.90000e+01
4009.530 2.08235e-15 -9.90000e+01
4012.060 2.21242e-15 -9.90000e+01
4014.590 2.08610e-15 -9.90000e+01
4017.120 2.15347e-15 -9.90000e+01
4019.650 2.25243e-15 -9.90000e+01
4022.180 1.88151e-15 -9.90000e+01
4024.710 2.35845e-15 -9.90000e+01
4027.240 2.21002e-15 -9.90000e+01
4029.770 2.12538e-15 -9.90000e+01
4032.300 2.28515e-15 -9.90000e+01
4034.830 2.25757e-15 -9.90000e+01
4037.360 2.11975e-15 -9.90000e+01
4039.890 2.31429e-15 -9.90000e+01
4042.420 2.11857e-15 -9.90000e+01
4044.950 1.99272e-15 -9.90000e+01
4047.480 2.27921e-15 -9.90000e+01
4050.010 2.05279e-15 -9.90000e+01
4052.540 1.80977e-15 -9.90000e+01
4055.070 2.19545e-15 -9.90000e+01
4057.600 2.10829e-15 -9.90000e+01
4060.130 2.17425e-15 -9.90000e+01
4062.660 1.88683e-15 -9.90000e+01
4065.190 2.02723e-15 -9.90000e+01
4067.720 2.27397e-15 -9.90000e+01
4070.250 2.00801e-15 -9.90000e+01
4072.780 2.20810e-15 -9.90000e+01
4075.310 1.79409e-15 -9.90000e+01
4077.840 2.10789e-15 -9.90000e+01
4080.370 2.00746e-15 -9.90000e+01
4082.900 1.91714e-15 -9.90000e+01
4085.430 1.99576e-15 -9.90000e+01
4087.960 2.03687e-15 -9.90000e+01
4090.490 2.06231e-15 -9.90000e+01
4093.020 1.96098e-15 -9.90000e+01
4095.550 1.87611e-15 -9.90000e+01
4098.080 1.85514e-15 -9.90000e+01
4100.610 2.03951e-15 -9.90000e+01
4103.130 2.21486e-15 -9.90000e+01
4105.670 2.10923e-15 -9.90000e+01
4108.190 2.03722e-15 -9.90000e+01
4110.720 1.74400e-15 -9.90000e+01
4113.250 1.84452e-15 -9.90000e+01
4115.780 1.66282e-15 -9.90000e+01
4118.310 1.75223e-15 -9.90000e+01
4120.840 1.65339e-15 -9.90000e+01
4123.370 1.57180e-15 -9.90000e+01
4125.900 1.61770e-15 -9.90000e+01
4128.430 1.78168e-15 -9.90000e+01
4130.960 2.03754e-15 -9.90000e+01
4133.490 1.87084e-15 -9.90000e+01
4136.020 1.64293e-15 -9.90000e+01
4138.550 1.82160e-15 -9.90000e+01
4141.080 2.20980e-15 -9.90000e+01
4143.610 1.72993e-15 -9.90000e+01
4146.140 1.68393e-15 -9.90000e+01
4148.670 1.76839e-15 -9.90000e+01
4151.200 1.87963e-15 -9.90000e+01
4153.730 1.98731e-15 -9.90000e+01
4156.260 1.96252e-15 -9.90000e+01
4158.790 1.90235e-15 -9.90000e+01
4161.320 1.98191e-15 -9.90000e+01
4163.850 1.77926e-15 -9.90000e+01
4166.380 1.78825e-15 -9.90000e+01
4168.910 1.76174e-15 -9.90000e+01
4171.440 1.97080e-15 -9.90000e+01
4173.970 1.80736e-15 -9.90000e+01
4176.500 1.92690e-15 -9.90000e+01
4179.030 2.06939e-15 -9.90000e+01
4181.560 1.75459e-15 -9.90000e+01
4184.090 1.87475e-15 -9.90000e+01
4186.620 1.71588e-15 -9.90000e+01
4189.150 1.72402e-15 -9.90000e+01
4191.680 1.83981e-15 -9.90000e+01
4194.210 2.07829e-15 -9.90000e+01
4196.740 1.87982e-15 -9.90000e+01
4199.270 1.89726e-15 -9.90000e+01
4201.800 1.69302e-15 -9.90000e+01
4204.330 1.88576e-15 -9.90000e+01
4206.860 1.65497e-15 -9.90000e+01
4209.390 1.96718e-15 -9.90000e+01
4211.920 1.90688e-15 -9.90000e+01
4214.450 2.01844e-15 -9.90000e+01
4216.980 1.83395e-15 -9.90000e+01
4219.510 2.11836e-15 -9.90000e+01
4222.040 1.91652e-15 -9.90000e+01
4224.560 1.94083e-15 -9.90000e+01
4227.090 1.77312e-15 -9.90000e+01
4229.620 1.89850e-15 -9.90000e+01
4232.150 1.75392e-15 -9.90000e+01
4234.680 1.82372e-15 -9.90000e+01
4237.210 1.92703e-15 -9.90000e+01
4239.740 1.99899e-15 -9.90000e+01
4242.270 1.97642e-15 -9.90000e+01
4244.800 1.59268e-15 -9.90000e+01
4247.330 1.89646e-15 -9.90000e+01
4249.860 2.03992e-15 -9.90000e+01
4252.390 1.93427e-15 -9.90000e+01
4254.920 1.97655e-15 -9.90000e+01
4257.450 1.83110e-15 -9.90000e+01
4259.980 1.83708e-15 -9.90000e+01
4262.510 1.85832e-15 -9.90000e+01
4265.040 1.73150e-15 -9.90000e+01
4267.570 1.99981e-15 -9.90000e+01
4270.100 1.62553e-15 -9.90000e+01
4272.630 1.73804e-15 -9.90000e+01
4275.160 1.72394e-15 -9.90000e+01
4277.690 1.82180e-15 -9.90000e+01
4280.220 2.00037e-15 -9.90000e+01
4282.750 2.00210e-15 -9.90000e+01
4285.280 1.70411e-15 -9.90000e+01
4287.810 1.52161e-15 -9.90000e+01
4290.340 1.62934e-15 -9.90000e+01
4292.870 1.63775e-15 -9.90000e+01
4295.400 1.86662e-15 -9.90000e+01
4297.930 1.79684e-15 -9.90000e+01
4300.460 1.91619e-15 -9.90000e+01
4302.990 1.66408e-15 -9.90000e+01
4305.520 1.64701e-15 -9.90000e+01
4308.050 1.77384e-15 -9.90000e+01
4310.580 1.69456e-15 -9.90000e+01
4313.110 1.65698e-15 -9.90000e+01
4315.640 1.68386e-15 -9.90000e+01
4318.170 1.73619e-15 -9.90000e+01
4320.700 1.72086e-15 -9.90000e+01
4323.230 1.66616e-15 -9.90000e+01
4325.760 1.90391e-15 -9.90000e+01
4328.290 1.78179e-15 -9.90000e+01
4330.820 1.81969e-15 -9.90000e+01
4333.350 1.83007e-15 -9.90000e+01
4335.880 1.74463e-15 -9.90000e+01
4338.410 1.86325e-15 -9.90000e+01
4340.940 1.76569e-15 -9.90000e+01
4343.460 1.80942e-15 -9.90000e+01
4346.000 1.65986e-15 -9.90000e+01
4348.520 1.72414e-15 -9.90000e+01
4351.050 1.55467e-15 -9.90000e+01
4353.580 1.54080e-15 -9.90000e+01
4356.110 1.86711e-15 -9.90000e+01
4358.640 2.15327e-15 -9.90000e+01
4361.170 1.82113e-15 -9.90000e+01
4363.700 1.51196e-15 -9.90000e+01
4366.230 1.69344e-15 -9.90000e+01
4368.760 1.57404e-15 -9.90000e+01
4371.290 1.51256e-15 -9.90000e+01
4373.820 1.93304e-15 -9.90000e+01
4376.350 1.76404e-15 -9.90000e+01
4378.880 1.86001e-15 -9.90000e+01
4381.410 1.87541e-15 -9.90000e+01
4383.940 1.43735e-15 -9.90000e+01
4386.470 1.74372e-15 -9.90000e+01
4389.000 1.80523e-15 -9.90000e+01
4391.530 1.51542e-15 -9.90000e+01
4394.060 1.98605e-15 -9.90000e+01
4396.590 1.68742e-15 -9.90000e+01
4399.120 1.54286e-15 -9.90000e+01
4401.650 1.69131e-15 -9.90000e+01
4404.180 1.60206e-15 -9.90000e+01
4406.710 1.76531e-15 -9.90000e+01
4409.240 1.85653e-15 -9.90000e+01
4411.770 1.72186e-15 -9.90000e+01
4414.300 1.74489e-15 -9.90000e+01
4416.830 1.86733e-15 -9.90000e+01
4419.360 1.72969e-15 -9.90000e+01
4421.890 1.85006e-15 -9.90000e+01
4424.420 1.89066e-15 -9.90000e+01
4426.950 1.64384e-15 -9.90000e+01
4429.480 1.80934e-15 -9.90000e+01
4432.010 1.75367e-15 -9.90000e+01
4434.540 1.81692e-15 -9.90000e+01
4437.070 2.11739e-15 -9.90000e+01
4439.600 1.86808e-15 -9.90000e+01
4442.130 2.05284e-15 -9.90000e+01
4444.660 1.96616e-15 -9.90000e+01
4447.190 1.93335e-15 -9.90000e+01
4449.720 1.67708e-15 -9.90000e+01
4452.250 1.86833e-15 -9.90000e+01
4454.780 1.96513e-15 -9.90000e+01
4457.310 1.91005e-15 -9.90000e+01
4459.840 2.08167e-15 -9.90000e+01
4462.370 1.89798e-15 -9.90000e+01
4464.900 1.82358e-15 -9.90000e+01
4467.420 2.21773e-15 -9.90000e+01
4469.950 2.13586e-15 -9.90000e+01
4472.480 1.95908e-15 -9.90000e+01
4475.010 2.11231e-15 -9.90000e+01
4477.540 1.99814e-15 -9.90000e+01
4480.070 2.15745e-15 -9.90000e+01
4482.600 2.24986e-15 -9.90000e+01
4485.130 2.04311e-15 -9.90000e+01
4487.660 1.92982e-15 -9.90000e+01
4490.190 2.39759e-15 -9.90000e+01
4492.720 2.12614e-15 -9.90000e+01
4495.250 2.21906e-15 -9.90000e+01
4497.780 1.98950e-15 -9.90000e+01
4500.310 1.99675e-15 -9.90000e+01
4502.840 2.20541e-15 -9.90000e+01
4505.370 2.12776e-15 -9.90000e+01
4507.900 2.12606e-15 -9.90000e+01
4510.430 2.05769e-15 -9.90000e+01
4512.960 2.24687e-15 -9.90000e+01
4515.490 2.27793e-15 -9.90000e+01
4518.020 2.28178e-15 -9.90000e+01
4520.550 2.31303e-15 -9.90000e+01
4523.080 2.37915e-15 -9.90000e+01
4525.610 2.49382e-15 -9.90000e+01
4528.140 2.30444e-15 -9.90000e+01
4530.670 2.41518e-15 -9.90000e+01
4533.200 2.52787e-15 -9.90000e+01
4535.730 2.41484e-15 -9.90000e+01
4538.260 2.39876e-15 -9.90000e+01
4540.790 2.38022e-15 -9.90000e+01
4543.320 2.42701e-15 -9.90000e+01
4545.850 2.34042e-15 -9.90000e+01
4548.380 2.29018e-15 -9.90000e+01
4550.910 2.39703e-15 -9.90000e+01
4553.440 2.47919e-15 -9.90000e+01
4555.970 2.26521e-15 -9.90000e+01
4558.500 2.43245e-15 -9.90000e+01
4561.030 2.48358e-15 -9.90000e+01
4563.560 2.59076e-15 -9.90000e+01
4566.090 2.34890e-15 -9.90000e+01
4568.620 2.33419e-15 -9.90000e+01
4571.150 2.36140e-15 -9.90000e+01
4573.680 2.39662e-15 -9.90000e+01
4576.210 2.44259e-15 -9.90000e+01
4578.740 2.50748e-15 -9.90000e+01
4581.270 2.35336e-15 -9.90000e+01
4583.790 2.48439e-15 -9.90000e+01
4586.320 2.54482e-15 -9.90000e+01
4588.850 2.35361e-15 -9.90000e+01
4591.380 2.35025e-15 -9.90000e+01
4593.910 2.57731e-15 -9.90000e+01
4596.440 2.27527e-15 -9.90000e+01
4598.970 2.37791e-15 -9.90000e+01
4601.500 2.41483e-15 -9.90000e+01
4604.030 2.58969e-15 -9.90000e+01
4606.560 2.37736e-15 -9.90000e+01
4609.090 2.45257e-15 -9.90000e+01
4611.620 2.55761e-15 -9.90000e+01
4614.150 2.43578e-15 -9.90000e+01
4616.680 2.25600e-15 -9.90000e+01
4619.210 2.35361e-15 -9.90000e+01
4621.740 2.48227e-15 -9.90000e+01
4624.270 2.40271e-15 -9.90000e+01
4626.800 2.58305e-15 -9.90000e+01
4629.330 2.13375e-15 -9.90000e+01
4631.860 2.25380e-15 -9.90000e+01
4634.390 2.43215e-15 -9.90000e+01
4636.920 2.50203e-15 -9.90000e+01
4639.450 2.35953e-15 -9.90000e+01
4641.980 2.48513e-15 -9.90000e+01
4644.510 2.21350e-15 -9.90000e+01
4647.040 2.19687e-15 -9.90000e+01
4649.570 2.50890e-15 -9.90000e+01
4652.100 2.37091e-15 -9.90000e+01
4654.630 2.42096e-15 -9.90000e+01
4657.160 2.15769e-15 -9.90000e+01
4659.690 2.34885e-15 -9.90000e+01
4662.220 2.52773e-15 -9.90000e+01
4664.750 2.22528e-15 -9.90000e+01
4667.280 2.35087e-15 -9.90000e+01
4669.810 2.14404e-15 -9.90000e+01
4672.340 2.18532e-15 -9.90000e+01
4674.870 2.27754e-15 -9.90000e+01
4677.400 2.16782e-15 -9.90000e+01
4679.930 2.24540e-15 -9.90000e+01
4682.460 2.26919e-15 -9.90000e+01
4684.990 2.08800e-15 -9.90000e+01
4687.520 2.14294e-15 -9.90000e+01
4690.050 1.90524e-15 -9.90000e+01
4692.580 2.30513e-15 -9.90000e+01
4695.110 2.22866e-15 -9.90000e+01
4697.640 2.09064e-15 -9.90000e+01
4700.170 1.98673e-15 -9.90000e+01
4702.700 2.18975e-15 -9.90000e+01
4705.230 2.17797e-15 -9.90000e+01
4707.750 2.25486e-15 -9.90000e+01
4710.280 2.15150e-15 -9.90000e+01
4712.810 2.13068e-15 -9.90000e+01
4715.340 2.16126e-15 -9.90000e+01
4717.870 2.13702e-15 -9.90000e+01
4720.400 1.93638e-15 -9.90000e+01
4722.930 2.03022e-15 -9.90000e+01
4725.460 2.03920e-15 -9.90000e+01
4727.990 1.91826e-15 -9.90000e+01
4730.520 2.01741e-15 -9.90000e+01
4733.050 1.93520e-15 -9.90000e+01
4735.580 1.90671e-15 -9.90000e+01
4738.110 1.82619e-15 -9.90000e+01
4740.640 1.98505e-15 -9.90000e+01
4743.170 1.80019e-15 -9.90000e+01
4745.700 1.80773e-15 -9.90000e+01
4748.230 1.84192e-15 -9.90000e+01
4750.760 1.93058e-15 -9.90000e+01
4753.290 1.84957e-15 -9.90000e+01
4755.820 1.83092e-15 -9.90000e+01
4758.350 1.82581e-15 -9.90000e+01
4760.880 1.86495e-15 -9.90000e+01
4763.410 1.85884e-15 -9.90000e+01
4765.940 1.98252e-15 -9.90000e+01
4768.470 1.83869e-15 -9.90000e+01
4771.000 1.79053e-15 -9.90000e+01
4773.530 1.67141e-15 -9.90000e+01
4776.060 1.88829e-15 -9.90000e+01
4778.590 2.05733e-15 -9.90000e+01
4781.120 1.66249e-15 -9.90000e+01
4783.650 1.84545e-15 -9.90000e+01
4786.180 1.86091e-15 -9.90000e+01
4788.710 1.80639e-15 -9.90000e+01
4791.240 1.89368e-15 -9.90000e+01
4793.770 1.93672e-15 -9.90000e+01
4796.300 2.01027e-15 -9.90000e+01
4798.830 1.85089e-15 -9.90000e+01
4801.360 1.93400e-15 -9.90000e+01
4803.890 1.80710e-15 -9.90000e+01
4806.420 1.77740e-15 -9.90000e+01
4808.950 1.91675e-15 -9.90000e+01
4811.480 1.79024e-15 -9.90000e+01
4814.010 1.96286e-15 -9.90000e+01
4816.540 1.86159e-15 -9.90000e+01
4819.070 1.87319e-15 -9.90000e+01
4821.600 1.83869e-15 -9.90000e+01
4824.120 1.85759e-15 -9.90000e+01
4826.650 1.73823e-15 -9.90000e+01
4829.180 1.85268e-15 -9.90000e+01
4831.710 1.79759e-15 -9.90000e+01
4834.240 1.79966e-15 -9.90000e+01
4836.770 1.86197e-15 -9.90000e+01
4839.300 1.86039e-15 -9.90000e+01
4841.830 1.85109e-15 -9.90000e+01
4844.360 1.64790e-15 -9.90000e+01
4846.890 1.89854e-15 -9.90000e+01
4849.420 1.82327e-15 -9.90000e+01
4851.950 1.84092e-15 -9.90000e+01
4854.480 1.92168e-15 -9.90000e+01
4857.010 1.76166e-15 -9.90000e+01
4859.540 1.71997e-15 -9.90000e+01
4862.070 1.73249e-15 -9.90000e+01
4864.600 1.91510e-15 -9.90000e+01
4867.130 1.82617e-15 -9.90000e+01
4869.660 1.70358e-15 -9.90000e+01
4872.190 1.95908e-15 -9.90000e+01
4874.720 1.62343e-15 -9.90000e+01
4877.250 2.03997e-15 -9.90000e+01
4879.780 2.51138e-15 -9.90000e+01
4882.310 2.52087e-15 -9.90000e+01
4884.840 2.09293e-15 -9.90000e+01
4887.370 1.93677e-15 -9.90000e+01
4889.900 1.83220e-15 -9.90000e+01
4892.430 1.77747e-15 -9.90000e+01
4894.960 1.90600e-15 -9.90000e+01
4897.490 1.97721e-15 -9.90000e+01
4900.020 1.99690e-15 -9.90000e+01
4902.550 2.00498e-15 -9.90000e+01
4905.080 1.98197e-15 -9.90000e+01
4907.610 1.88083e-15 -9.90000e+01
4910.140 1.91180e-15 -9.90000e+01
4912.670 2.01264e-15 -9.90000e+01
4915.200 1.93116e-15 -9.90000e+01
4917.730 2.09322e-15 -9.90000e+01
4920.260 1.91810e-15 -9.90000e+01
4922.790 2.03532e-15 -9.90000e+01
4925.320 1.91515e-15 -9.90000e+01
4927.850 2.05389e-15 -9.90000e+01
4930.380 1.88777e-15 -9.90000e+01
4932.910 2.02779e-15 -9.90000e+01
4935.440 2.06270e-15 -9.90000e+01
4937.970 1.90636e-15 -9.90000e+01
4940.500 1.96490e-15 -9.90000e+01
4943.030 1.98188e-15 -9.90000e+01
4945.560 1.91562e-15 -9.90000e+01
4948.080 1.96264e-15 -9.90000e+01
4950.610 1.91447e-15 -9.90000e+01
4953.140 1.89194e-15 -9.90000e+01
4955.670 1.93538e-15 -9.90000e+01
4958.200 1.94124e-15 -9.90000e+01
4960.730 1.83441e-15 -9.90000e+01
4963.260 1.72110e-15 -9.90000e+01
4965.790 1.70171e-15 -9.90000e+01
4968.320 1.84928e-15 -9.90000e+01
4970.850 1.76893e-15 -9.90000e+01
4973.380 1.88309e-15 -9.90000e+01
4975.910 1.86653e-15 -9.90000e+01
4978.440 1.76702e-15 -9.90000e+01
4980.970 1.64304e-15 -9.90000e+01
4983.500 1.72916e-15 -9.90000e+01
4986.030 1.89046e-15 -9.90000e+01
4988.560 1.57566e-15 -9.90000e+01
4991.090 1.67630e-15 -9.90000e+01
4993.620 1.63250e-15 -9.90000e+01
4996.150 1.66687e-15 -9.90000e+01
4998.680 1.62855e-15 -9.90000e+01
5001.210 1.67116e-15 -9.90000e+01
5003.740 1.67630e-15 -9.90000e+01
5006.270 1.69588e-15 -9.90000e+01
5008.800 1.61539e-15 -9.90000e+01
5011.330 1.68699e-15 -9.90000e+01
5013.860 1.59765e-15 -9.90000e+01
5016.390 1.67397e-15 -9.90000e+01
5018.920 1.48621e-15 -9.90000e+01
5021.450 1.63787e-15 -9.90000e+01
5023.980 1.66734e-15 -9.90000e+01
5026.510 1.64051e-15 -9.90000e+01
5029.040 1.62729e-15 -9.90000e+01
5031.570 1.60115e-15 -9.90000e+01
5034.100 1.60438e-15 -9.90000e+01
5036.630 1.69030e-15 -9.90000e+01
5039.160 1.57654e-15 -9.90000e+01
5041.690 1.58832e-15 -9.90000e+01
5044.220 1.61371e-15 -9.90000e+01
5046.750 1.58381e-15 -9.90000e+01
5049.280 1.66203e-15 -9.90000e+01
5051.810 1.52776e-15 -9.90000e+01
5054.340 1.60409e-15 -9.90000e+01
5056.870 1.67332e-15 -9.90000e+01
5059.400 1.66197e-15 -9.90000e+01
5061.930 1.65595e-15 -9.90000e+01
5064.460 1.85571e-15 -9.90000e+01
5066.980 1.77628e-15 -9.90000e+01
5069.510 1.77158e-15 -9.90000e+01
5072.040 1.67324e-15 -9.90000e+01
5074.570 1.84845e-15 -9.90000e+01
5077.100 1.83276e-15 -9.90000e+01
5079.630 1.84768e-15 -9.90000e+01
5082.160 1.70897e-15 -9.90000e+01
5084.690 1.85916e-15 -9.90000e+01
5087.220 1.78126e-15 -9.90000e+01
5089.750 1.82076e-15 -9.90000e+01
5092.280 1.84814e-15 -9.90000e+01
5094.810 1.73656e-15 -9.90000e+01
5097.340 1.80870e-15 -9.90000e+01
5099.870 1.72063e-15 -9.90000e+01
5102.400 1.60574e-15 -9.90000e+01
5104.930 1.88073e-15 -9.90000e+01
5107.460 1.86760e-15 -9.90000e+01
5109.990 1.85277e-15 -9.90000e+01
5112.520 1.70279e-15 -9.90000e+01
5115.050 1.91386e-15 -9.90000e+01
5117.580 1.94631e-15 -9.90000e+01
5120.110 1.90396e-15 -9.90000e+01
5122.640 1.77310e-15 -9.90000e+01
5125.170 1.76778e-15 -9.90000e+01
5127.700 1.94176e-15 -9.90000e+01
5130.230 1.92914e-15 -9.90000e+01
5132.760 1.96507e-15 -9.90000e+01
5135.290 1.81030e-15 -9.90000e+01
5137.820 1.84313e-15 -9.90000e+01
5140.350 1.99514e-15 -9.90000e+01
5142.880 1.96586e-15 -9.90000e+01
5145.410 1.81756e-15 -9.90000e+01
5147.940 2.07302e-15 -9.90000e+01
5150.470 1.97003e-15 -9.90000e+01
5153.000 1.94220e-15 -9.90000e+01
5155.530 2.02626e-15 -9.90000e+01
5158.060 1.83520e-15 -9.90000e+01
5160.590 1.95975e-15 -9.90000e+01
5163.120 1.83762e-15 -9.90000e+01
5165.650 1.94678e-15 -9.90000e+01
5168.180 1.95215e-15 -9.90000e+01
5170.710 1.97802e-15 -9.90000e+01
5173.240 1.76075e-15 -9.90000e+01
5175.770 1.90318e-15 -9.90000e+01
5178.300 2.06362e-15 -9.90000e+01
5180.830 1.98466e-15 -9.90000e+01
5183.360 2.06916e-15 -9.90000e+01
5185.890 1.85007e-15 -9.90000e+01
5188.420 2.04800e-15 -9.90000e+01
5190.940 1.88638e-15 -9.90000e+01
5193.470 1.90607e-15 -9.90000e+01
5196.000 1.92562e-15 -9.90000e+01
5198.530 2.05616e-15 -9.90000e+01
5201.060 1.99284e-15 -9.90000e+01
5203.590 1.97976e-15 -9.90000e+01
5206.120 2.01477e-15 -9.90000e+01
5208.650 1.85594e-15 -9.90000e+01
5211.180 2.08545e-15 -9.90000e+01
5213.710 1.97910e-15 -9.90000e+01
5216.240 1.95481e-15 -9.90000e+01
5218.770 1.97829e-15 -9.90000e+01
5221.300 2.03292e-15 -9.90000e+01
5223.830 2.07124e-15 -9.90000e+01
5226.360 2.06551e-15 -9.90000e+01
5228.890 2.10514e-15 -9.90000e+01
5231.420 2.08001e-15 -9.90000e+01
5233.950 1.92121e-15 -9.90000e+01
5236.480 2.20543e-15 -9.90000e+01
5239.010 2.11177e-15 -9.90000e+01
5241.540 2.10250e-15 -9.90000e+01
5244.070 2.16014e-15 -9.90000e+01
5246.600 2.13438e-15 -9.90000e+01
5249.130 2.00570e-15 -9.90000e+01
5251.660 2.13976e-15 -9.90000e+01
5254.190 2.08503e-15 -9.90000e+01
5256.720 2.04037e-15 -9.90000e+01
5259.250 2.01692e-15 -9.90000e+01
5261.780 2.05403e-15 -9.90000e+01
5264.310 2.13085e-15 -9.90000e+01
5266.840 2.08134e-15 -9.90000e+01
5269.370 2.10965e-15 -9.90000e+01
5271.900 2.15815e-15 -9.90000e+01
5274.430 2.23255e-15 -9.90000e+01
5276.960 2.18673e-15 -9.90000e+01
5279.490 2.20434e-15 -9.90000e+01
5282.020 2.18152e-15 -9.90000e+01
5284.550 2.21931e-15 -9.90000e+01
5287.080 2.02066e-15 -9.90000e+01
5289.610 2.13063e-15 -9.90000e+01
5292.140 2.04065e-15 -9.90000e+01
5294.670 2.05096e-15 -9.90000e+01
5297.200 2.12521e-15 -9.90000e+01
5299.730 2.19734e-15 -9.90000e+01
5302.260 2.10860e-15 -9.90000e+01
5304.790 2.31116e-15 -9.90000e+01
5307.310 2.32455e-15 -9.90000e+01
5309.840 2.18564e-15 -9.90000e+01
5312.370 2.16201e-15 -9.90000e+01
5314.900 2.21274e-15 -9.90000e+01
5317.430 2.21466e-15 -9.90000e+01
5319.960 2.21004e-15 -9.90000e+01
5322.490 2.25969e-15 -9.90000e+01
5325.020 2.14305e-15 -9.90000e+01
5327.550 2.19170e-15 -9.90000e+01
5330.080 2.24607e-15 -9.90000e+01
5332.610 2.15798e-15 -9.90000e+01
5335.140 2.14486e-15 -9.90000e+01
5337.670 2.25107e-15 -9.90000e+01
5340.200 2.25225e-15 -9.90000e+01
5342.730 1.97686e-15 -9.90000e+01
5345.260 2.21375e-15 -9.90000e+01
5347.790 2.28295e-15 -9.90000e+01
5350.320 2.06003e-15 -9.90000e+01
5352.850 2.12650e-15 -9.90000e+01
5355.380 2.07615e-15 -9.90000e+01
5357.910 2.13902e-15 -9.90000e+01
5360.440 2.03896e-15 -9.90000e+01
5362.970 2.11983e-15 -9.90000e+01
5365.500 2.16309e-15 -9.90000e+01
5368.030 2.29895e-15 -9.90000e+01
5370.560 2.23728e-15 -9.90000e+01
5373.090 2.27470e-15 -9.90000e+01
5375.620 2.17069e-15 -9.90000e+01
5378.150 2.08350e-15 -9.90000e+01
5380.680 2.14799e-15 -9.90000e+01
5383.210 2.21150e-15 -9.90000e+01
5385.740 2.02433e-15 -9.90000e+01
5388.270 2.20087e-15 -9.90000e+01
5390.800 2.16690e-15 -9.90000e+01
5393.330 2.14294e-15 -9.90000e+01
5395.860 2.05645e-15 -9.90000e+01
5398.390 2.20451e-15 -9.90000e+01
5400.920 2.09131e-15 -9.90000e+01
5403.450 2.01708e-15 -9.90000e+01
5405.980 2.11127e-15 -9.90000e+01
5408.510 2.10070e-15 -9.90000e+01
5411.040 2.10880e-15 -9.90000e+01
5413.570 2.03040e-15 -9.90000e+01
5416.100 1.95116e-15 -9.90000e+01
5418.630 2.16790e-15 -9.90000e+01
5421.160 2.09273e-15 -9.90000e+01
5423.690 2.00814e-15 -9.90000e+01
5426.210 1.94886e-15 -9.90000e+01
5428.750 2.00912e-15 -9.90000e+01
5431.270 1.97291e-15 -9.90000e+01
5433.800 1.98118e-15 -9.90000e+01
5436.330 1.97788e-15 -9.90000e+01
5438.860 2.04211e-15 -9.90000e+01
5441.390 2.17159e-15 -9.90000e+01
5443.920 2.23492e-15 -9.90000e+01
5446.450 2.06834e-15 -9.90000e+01
5448.980 1.95428e-15 -9.90000e+01
5451.510 2.14780e-15 -9.90000e+01
5454.040 2.01024e-15 -9.90000e+01
5456.570 2.05207e-15 -9.90000e+01
5459.100 2.15671e-15 -9.90000e+01
5461.630 1.99024e-15 -9.90000e+01
5464.160 2.03916e-15 -9.90000e+01
5466.690 2.08260e-15 -9.90000e+01
5469.220 2.09900e-15 -9.90000e+01
5471.750 2.10992e-15 -9.90000e+01
5474.280 2.12775e-15 -9.90000e+01
5476.810 2.05946e-15 -9.90000e+01
5479.340 1.97869e-15 -9.90000e+01
5481.870 1.92399e-15 -9.90000e+01
5484.400 2.08715e-15 -9.90000e+01
5486.930 2.13157e-15 -9.90000e+01
5489.460 2.16792e-15 -9.90000e+01
5491.990 1.89555e-15 -9.90000e+01
5494.520 2.05775e-15 -9.90000e+01
5497.050 1.96343e-15 -9.90000e+01
5499.580 2.04055e-15 -9.90000e+01
5502.110 2.00997e-15 -9.90000e+01
5504.640 2.00761e-15 -9.90000e+01
5507.170 1.87088e-15 -9.90000e+01
5509.700 1.95114e-15 -9.90000e+01
5512.230 1.85616e-15 -9.90000e+01
5513.730 1.79314e-15 -9.90000e+01
5516.260 1.83773e-15 -9.90000e+01
5518.790 1.73968e-15 -9.90000e+01
5521.320 1.64898e-15 -9.90000e+01
5523.850 1.76225e-15 -9.90000e+01
5526.380 1.73544e-15 -9.90000e+01
5528.910 1.71678e-15 -9.90000e+01
5531.440 1.81387e-15 -9.90000e+01
5533.970 1.77986e-15 -9.90000e+01
5536.500 1.67160e-15 -9.90000e+01
5539.030 1.61599e-15 -9.90000e+01
5541.560 1.68010e-15 -9.90000e+01
5544.090 1.71139e-15 -9.90000e+01
5546.620 1.78401e-15 -9.90000e+01
5549.150 1.64577e-15 -9.90000e+01
5551.680 1.56129e-15 -9.90000e+01
5554.210 1.59232e-15 -9.90000e+01
5556.740 1.57460e-15 -9.90000e+01
5559.270 1.62059e-15 -9.90000e+01
5561.800 1.72334e-15 -9.90000e+01
5564.330 1.68526e-15 -9.90000e+01
5566.860 1.52188e-15 -9.90000e+01
5569.390 1.53568e-15 -9.90000e+01
5571.920 1.43222e-15 -9.90000e+01
5574.450 1.59222e-15 -9.90000e+01
5576.980 1.63493e-15 -9.90000e+01
5579.510 1.55599e-15 -9.90000e+01
5582.040 1.48525e-15 -9.90000e+01
5584.570 1.39884e-15 -9.90000e+01
5587.100 1.45288e-15 -9.90000e+01
5589.630 1.41626e-15 -9.90000e+01
5592.160 1.46089e-15 -9.90000e+01
5594.690 1.46873e-15 -9.90000e+01
5597.220 1.42225e-15 -9.90000e+01
5599.750 1.31201e-15 -9.90000e+01
5602.280 1.29995e-15 -9.90000e+01
5604.810 1.43731e-15 -9.90000e+01
5607.340 1.30730e-15 -9.90000e+01
5609.870 1.16117e-15 -9.90000e+01
5612.400 1.18645e-15 -9.90000e+01
5614.930 1.16907e-15 -9.90000e+01
5617.460 1.10963e-15 -9.90000e+01
5619.990 1.05423e-15 -9.90000e+01
5622.520 1.08229e-15 -9.90000e+01
5625.050 1.00681e-15 -9.90000e+01
5627.580 1.06596e-15 -9.90000e+01
5630.110 1.12615e-15 -9.90000e+01
5632.640 1.02220e-15 -9.90000e+01
5635.170 8.99560e-16 -9.90000e+01
5637.700 8.31228e-16 -9.90000e+01
5640.230 8.79386e-16 -9.90000e+01
5642.760 9.28499e-16 -9.90000e+01
5645.290 9.07370e-16 -9.90000e+01
5647.820 1.01990e-15 -9.90000e+01
5650.350 1.01777e-15 -9.90000e+01
5652.880 9.58657e-16 -9.90000e+01
5655.410 9.55642e-16 -9.90000e+01
5657.940 1.02183e-15 -9.90000e+01
5660.470 1.15462e-15 -9.90000e+01
5663.000 1.06586e-15 -9.90000e+01
5665.530 1.04618e-15 -9.90000e+01
5668.060 1.07410e-15 -9.90000e+01
5670.590 1.01588e-15 -9.90000e+01
5673.120 1.06436e-15 -9.90000e+01
5675.650 1.05624e-15 -9.90000e+01
5678.180 1.11957e-15 -9.90000e+01
5680.710 1.13303e-15 -9.90000e+01
5683.240 1.16928e-15 -9.90000e+01
5685.770 1.17206e-15 -9.90000e+01
5688.300 1.12115e-15 -9.90000e+01
5690.830 1.03625e-15 -9.90000e+01
5693.360 1.08415e-15 -9.90000e+01
5695.890 1.08279e-15 -9.90000e+01
5698.420 9.83046e-16 -9.90000e+01
5700.950 1.08670e-15 -9.90000e+01
5703.480 1.15546e-15 -9.90000e+01
5706.010 1.17282e-15 -9.90000e+01
5708.540 1.11486e-15 -9.90000e+01
5711.070 1.14430e-15 -9.90000e+01
5713.600 1.12976e-15 -9.90000e+01
5716.130 1.14149e-15 -9.90000e+01
5718.660 1.15852e-15 -9.90000e+01
5721.190 1.12728e-15 -9.90000e+01
5723.720 1.13319e-15 -9.90000e+01
5726.250 1.16517e-15 -9.90000e+01
5728.780 1.20664e-15 -9.90000e+01
5731.310 1.23765e-15 -9.90000e+01
5733.840 1.20784e-15 -9.90000e+01
5736.370 1.15230e-15 -9.90000e+01
5738.900 1.19726e-15 -9.90000e+01
5741.430 1.27085e-15 -9.90000e+01
5743.960 1.26298e-15 -9.90000e+01
5746.490 1.25135e-15 -9.90000e+01
5749.020 1.27919e-15 -9.90000e+01
5751.550 1.23545e-15 -9.90000e+01
5754.080 1.26679e-15 -9.90000e+01
5756.610 1.30900e-15 -9.90000e+01
5759.140 1.34326e-15 -9.90000e+01
5761.670 1.36099e-15 -9.90000e+01
5764.200 1.35389e-15 -9.90000e+01
5766.730 1.39318e-15 -9.90000e+01
5769.260 1.39828e-15 -9.90000e+01
5771.790 1.39582e-15 -9.90000e+01
5774.320 1.35875e-15 -9.90000e+01
5776.850 1.43591e-15 -9.90000e+01
5779.380 1.46699e-15 -9.90000e+01
5781.910 1.42972e-15 -9.90000e+01
5784.440 1.47222e-15 -9.90000e+01
5786.970 1.54632e-15 -9.90000e+01
5789.500 1.54880e-15 -9.90000e+01
5792.030 1.55346e-15 -9.90000e+01
5794.560 1.61761e-15 -9.90000e+01
5797.090 1.63515e-15 -9.90000e+01
5799.620 1.61283e-15 -9.90000e+01
5802.150 1.66392e-15 -9.90000e+01
5804.680 1.68051e-15 -9.90000e+01
5807.210 1.72371e-15 -9.90000e+01
5809.740 1.71605e-15 -9.90000e+01
5812.270 1.81386e-15 -9.90000e+01
5814.800 1.78370e-15 -9.90000e+01
5817.330 1.72530e-15 -9.90000e+01
5819.860 1.68529e-15 -9.90000e+01
5822.390 1.78425e-15 -9.90000e+01
5824.920 1.82881e-15 -9.90000e+01
5827.450 1.78930e-15 -9.90000e+01
5829.980 1.84417e-15 -9.90000e+01
5832.510 1.83632e-15 -9.90000e+01
5835.040 1.85290e-15 -9.90000e+01
5837.570 1.84874e-15 -9.90000e+01
5840.100 1.75264e-15 -9.90000e+01
5842.630 1.83310e-15 -9.90000e+01
5845.160 1.92177e-15 -9.90000e+01
5847.690 1.99035e-15 -9.90000e+01
5850.220 1.92684e-15 -9.90000e+01
5852.750 1.93103e-15 -9.90000e+01
5855.280 1.93949e-15 -9.90000e+01
5857.810 1.93794e-15 -9.90000e+01
5860.340 1.92022e-15 -9.90000e+01
5862.870 1.87012e-15 -9.90000e+01
5865.400 1.92829e-15 -9.90000e+01
5867.930 1.88366e-15 -9.90000e+01
5870.460 1.90315e-15 -9.90000e+01
5872.990 1.97941e-15 -9.90000e+01
5875.520 1.95624e-15 -9.90000e+01
5878.050 1.90572e-15 -9.90000e+01
5880.580 1.93989e-15 -9.90000e+01
5883.110 1.92348e-15 -9.90000e+01
5885.640 1.92455e-15 -9.90000e+01
5888.170 1.96885e-15 -9.90000e+01
5890.700 1.98381e-15 -9.90000e+01
5893.230 1.97671e-15 -9.90000e+01
5895.760 1.83676e-15 -9.90000e+01
5898.290 1.93315e-15 -9.90000e+01
5900.820 2.03666e-15 -9.90000e+01
5903.350 1.91770e-15 -9.90000e+01
5905.880 1.95041e-15 -9.90000e+01
5908.410 2.05259e-15 -9.90000e+01
5910.940 2.01073e-15 -9.90000e+01
5913.470 1.92464e-15 -9.90000e+01
5916.000 1.91627e-15 -9.90000e+01
5918.530 1.94145e-15 -9.90000e+01
5921.060 1.92885e-15 -9.90000e+01
5923.590 1.94386e-15 -9.90000e+01
5926.120 1.96316e-15 -9.90000e+01
5928.650 2.08517e-15 -9.90000e+01
5931.180 2.10743e-15 -9.90000e+01
5933.710 2.12049e-15 -9.90000e+01
5936.240 2.02560e-15 -9.90000e+01
5938.770 2.10727e-15 -9.90000e+01
5941.300 2.06355e-15 -9.90000e+01
5943.830 1.96986e-15 -9.90000e+01
5946.360 1.99736e-15 -9.90000e+01
5948.890 2.01527e-15 -9.90000e+01
5951.420 2.00427e-15 -9.90000e+01
5953.950 1.98068e-15 -9.90000e+01
5956.480 1.89639e-15 -9.90000e+01
5959.010 1.90684e-15 -9.90000e+01
5961.540 1.97719e-15 -9.90000e+01
5964.070 1.95596e-15 -9.90000e+01
5966.600 1.96892e-15 -9.90000e+01
5969.130 1.91228e-15 -9.90000e+01
5971.660 2.02134e-15 -9.90000e+01
5974.190 2.00270e-15 -9.90000e+01
5976.720 1.96096e-15 -9.90000e+01
5979.250 1.93639e-15 -9.90000e+01
5981.780 1.90992e-15 -9.90000e+01
5984.310 1.89031e-15 -9.90000e+01
5986.840 1.87841e-15 -9.90000e+01
5989.370 1.90404e-15 -9.90000e+01
5991.900 1.91858e-15 -9.90000e+01
5994.430 1.92333e-15 -9.90000e+01
5996.960 1.86907e-15 -9.90000e+01
5999.490 1.88370e-15 -9.90000e+01
6002.020 1.88206e-15 -9.90000e+01
6004.550 1.84463e-15 -9.90000e+01
6007.080 1.82171e-15 -9.90000e+01
6009.610 1.78405e-15 -9.90000e+01
6012.140 1.82103e-15 -9.90000e+01
6014.670 1.83899e-15 -9.90000e+01
6017.200 1.69908e-15 -9.90000e+01
6019.730 1.85534e-15 -9.90000e+01
6022.260 1.92765e-15 -9.90000e+01
6024.790 1.70754e-15 -9.90000e+01
6027.320 1.75368e-15 -9.90000e+01
6029.850 1.76379e-15 -9.90000e+01
6032.380 1.72321e-15 -9.90000e+01
6034.910 1.79658e-15 -9.90000e+01
6037.440 1.76228e-15 -9.90000e+01
6039.970 1.70763e-15 -9.90000e+01
6042.500 1.61316e-15 -9.90000e+01
6045.030 1.64122e-15 -9.90000e+01
6047.560 1.71529e-15 -9.90000e+01
6050.090 1.72219e-15 -9.90000e+01
6052.620 1.68404e-15 -9.90000e+01
6055.150 1.67046e-15 -9.90000e+01
6057.680 1.70907e-15 -9.90000e+01
6060.210 1.71345e-15 -9.90000e+01
6062.740 1.64857e-15 -9.90000e+01
6065.270 1.65452e-15 -9.90000e+01
6067.800 1.65959e-15 -9.90000e+01
6070.330 1.66259e-15 -9.90000e+01
6072.860 1.64134e-15 -9.90000e+01
6075.390 1.65431e-15 -9.90000e+01
6077.920 1.72434e-15 -9.90000e+01
6080.450 1.68289e-15 -9.90000e+01
6082.980 1.62728e-15 -9.90000e+01
6085.510 1.67843e-15 -9.90000e+01
6088.040 1.66669e-15 -9.90000e+01
6090.570 1.71399e-15 -9.90000e+01
6093.100 1.65918e-15 -9.90000e+01
6095.630 1.59921e-15 -9.90000e+01
6098.160 1.60658e-15 -9.90000e+01
6100.690 1.64411e-15 -9.90000e+01
6103.220 1.58887e-15 -9.90000e+01
6105.750 1.63042e-15 -9.90000e+01
6108.280 1.57914e-15 -9.90000e+01
6110.810 1.52427e-15 -9.90000e+01
6113.340 1.57006e-15 -9.90000e+01
6115.870 1.56865e-15 -9.90000e+01
6118.400 1.56892e-15 -9.90000e+01
6120.930 1.59802e-15 -9.90000e+01
6123.460 1.58109e-15 -9.90000e+01
6125.990 1.64336e-15 -9.90000e+01
6128.520 1.69069e-15 -9.90000e+01
6131.050 1.62028e-15 -9.90000e+01
6133.580 1.57027e-15 -9.90000e+01
6136.110 1.60898e-15 -9.90000e+01
6138.640 1.59661e-15 -9.90000e+01
6141.170 1.57569e-15 -9.90000e+01
6143.700 1.63945e-15 -9.90000e+01
6146.230 1.62153e-15 -9.90000e+01
6148.760 1.58599e-15 -9.90000e+01
6151.290 1.67219e-15 -9.90000e+01
6153.820 1.69902e-15 -9.90000e+01
6156.350 1.68421e-15 -9.90000e+01
6158.880 1.66094e-15 -9.90000e+01
6161.410 1.61060e-15 -9.90000e+01
6163.940 1.63557e-15 -9.90000e+01
6166.470 1.71444e-15 -9.90000e+01
6169.000 1.73135e-15 -9.90000e+01
6171.530 1.70065e-15 -9.90000e+01
6174.060 1.66409e-15 -9.90000e+01
6176.590 1.73956e-15 -9.90000e+01
6179.120 1.69751e-15 -9.90000e+01
6181.650 1.66537e-15 -9.90000e+01
6184.180 1.71758e-15 -9.90000e+01
6186.710 1.70732e-15 -9.90000e+01
6189.240 1.72532e-15 -9.90000e+01
6191.770 1.74818e-15 -9.90000e+01
6194.300 1.75569e-15 -9.90000e+01
6196.830 1.75646e-15 -9.90000e+01
6199.360 1.82275e-15 -9.90000e+01
6201.890 1.81763e-15 -9.90000e+01
6204.420 1.74829e-15 -9.90000e+01
6206.950 1.73261e-15 -9.90000e+01
6209.480 1.77155e-15 -9.90000e+01
6212.010 1.74578e-15 -9.90000e+01
6214.540 1.76406e-15 -9.90000e+01
6217.070 1.77603e-15 -9.90000e+01
6219.600 1.75930e-15 -9.90000e+01
6222.130 1.75612e-15 -9.90000e+01
6224.660 1.74249e-15 -9.90000e+01
6227.190 1.73965e-15 -9.90000e+01
6229.720 1.69561e-15 -9.90000e+01
6232.250 1.72515e-15 -9.90000e+01
6234.780 1.74672e-15 -9.90000e+01
6237.310 1.70450e-15 -9.90000e+01
6239.840 1.75946e-15 -9.90000e+01
6242.370 1.77016e-15 -9.90000e+01
6244.900 1.71001e-15 -9.90000e+01
6247.430 1.68518e-15 -9.90000e+01
6249.960 1.60802e-15 -9.90000e+01
6252.490 1.67132e-15 -9.90000e+01
6255.020 1.74351e-15 -9.90000e+01
6257.550 1.60886e-15 -9.90000e+01
6260.080 1.64313e-15 -9.90000e+01
6262.610 1.70916e-15 -9.90000e+01
6265.140 1.67598e-15 -9.90000e+01
6267.670 1.61117e-15 -9.90000e+01
6270.200 1.62654e-15 -9.90000e+01
6272.730 1.71016e-15 -9.90000e+01
6275.260 1.60231e-15 -9.90000e+01
6277.790 1.60751e-15 -9.90000e+01
6280.320 1.67107e-15 -9.90000e+01
6282.850 1.66186e-15 -9.90000e+01
6285.380 1.68423e-15 -9.90000e+01
6287.910 1.66514e-15 -9.90000e+01
6290.440 1.66140e-15 -9.90000e+01
6292.970 1.66272e-15 -9.90000e+01
6295.500 1.59244e-15 -9.90000e+01
6298.030 1.67119e-15 -9.90000e+01
6300.560 1.72290e-15 -9.90000e+01
6303.090 1.69887e-15 -9.90000e+01
6305.620 1.65953e-15 -9.90000e+01
6308.150 1.69268e-15 -9.90000e+01
6310.680 1.67007e-15 -9.90000e+01
6313.210 1.66251e-15 -9.90000e+01
6315.740 1.73875e-15 -9.90000e+01
6318.270 1.71727e-15 -9.90000e+01
6320.800 1.68980e-15 -9.90000e+01
6323.330 1.67054e-15 -9.90000e+01
6325.860 1.68212e-15 -9.90000e+01
6328.390 1.71182e-15 -9.90000e+01
6330.920 1.69132e-15 -9.90000e+01
6333.450 1.67896e-15 -9.90000e+01
6335.980 1.63168e-15 -9.90000e+01
6338.510 1.66678e-15 -9.90000e+01
6341.040 1.69081e-15 -9.90000e+01
6343.570 1.66741e-15 -9.90000e+01
6346.100 1.70040e-15 -9.90000e+01
6348.630 1.73866e-15 -9.90000e+01
6351.160 1.69406e-15 -9.90000e+01
6353.690 1.63188e-15 -9.90000e+01
6356.220 1.65484e-15 -9.90000e+01
6358.750 1.65400e-15 -9.90000e+01
6361.280 1.68227e-15 -9.90000e+01
6363.810 1.63000e-15 -9.90000e+01
6366.340 1.67889e-15 -9.90000e+01
6368.870 1.67401e-15 -9.90000e+01
6371.400 1.61413e-15 -9.90000e+01
6373.930 1.64929e-15 -9.90000e+01
6376.460 1.65837e-15 -9.90000e+01
6378.990 1.69564e-15 -9.90000e+01
6381.520 1.67289e-15 -9.90000e+01
6384.050 1.63525e-15 -9.90000e+01
6386.580 1.67911e-15 -9.90000e+01
6389.110 1.75989e-15 -9.90000e+01
6391.640 1.70450e-15 -9.90000e+01
6394.170 1.67942e-15 -9.90000e+01
6396.700 1.68812e-15 -9.90000e+01
6399.230 1.67364e-15 -9.90000e+01
6401.760 1.70987e-15 -9.90000e+01
6404.290 1.76463e-15 -9.90000e+01
6406.820 1.70185e-15 -9.90000e+01
6409.350 1.70765e-15 -9.90000e+01
6411.880 1.71326e-15 -9.90000e+01
6414.410 1.71265e-15 -9.90000e+01
6416.940 1.76547e-15 -9.90000e+01
6419.470 1.76417e-15 -9.90000e+01
6422.000 1.72208e-15 -9.90000e+01
6424.530 1.72167e-15 -9.90000e+01
6427.060 1.76847e-15 -9.90000e+01
6429.590 1.70221e-15 -9.90000e+01
6432.120 1.64285e-15 -9.90000e+01
6434.650 1.70271e-15 -9.90000e+01
6437.180 1.69503e-15 -9.90000e+01
6439.710 1.69414e-15 -9.90000e+01
6442.240 1.71333e-15 -9.90000e+01
6444.770 1.69551e-15 -9.90000e+01
6447.300 1.69137e-15 -9.90000e+01
6449.830 1.66796e-15 -9.90000e+01
6452.360 1.66012e-15 -9.90000e+01
6454.890 1.61884e-15 -9.90000e+01
6457.420 1.66651e-15 -9.90000e+01
6459.950 1.70148e-15 -9.90000e+01
6462.480 1.68666e-15 -9.90000e+01
6465.010 1.68058e-15 -9.90000e+01
6467.540 1.63736e-15 -9.90000e+01
6470.070 1.65646e-15 -9.90000e+01
6472.600 1.64818e-15 -9.90000e+01
6475.130 1.64539e-15 -9.90000e+01
6477.660 1.65444e-15 -9.90000e+01
6480.190 1.65954e-15 -9.90000e+01
6482.720 1.67482e-15 -9.90000e+01
6485.250 1.68662e-15 -9.90000e+01
6487.780 1.65405e-15 -9.90000e+01
6490.310 1.59361e-15 -9.90000e+01
6492.840 1.60717e-15 -9.90000e+01
6495.370 1.65388e-15 -9.90000e+01
6497.900 1.66723e-15 -9.90000e+01
6500.430 1.66084e-15 -9.90000e+01
6502.960 1.64126e-15 -9.90000e+01
6505.490 1.62800e-15 -9.90000e+01
6508.020 1.70974e-15 -9.90000e+01
6510.550 1.70029e-15 -9.90000e+01
6513.080 1.58906e-15 -9.90000e+01
6515.610 1.62152e-15 -9.90000e+01
6518.140 1.64392e-15 -9.90000e+01
6520.670 1.68830e-15 -9.90000e+01
6523.200 1.61725e-15 -9.90000e+01
6525.730 1.62015e-15 -9.90000e+01
6528.260 1.62618e-15 -9.90000e+01
6530.790 1.68509e-15 -9.90000e+01
6533.320 1.60978e-15 -9.90000e+01
6535.850 1.60326e-15 -9.90000e+01
6538.380 1.60616e-15 -9.90000e+01
6540.910 1.63642e-15 -9.90000e+01
6543.440 1.62688e-15 -9.90000e+01
6545.970 1.60255e-15 -9.90000e+01
6548.500 1.60801e-15 -9.90000e+01
6551.030 1.66832e-15 -9.90000e+01
6553.560 1.61854e-15 -9.90000e+01
6556.090 1.61524e-15 -9.90000e+01
6558.620 1.62116e-15 -9.90000e+01
6561.150 1.64003e-15 -9.90000e+01
6563.680 1.56134e-15 -9.90000e+01
6566.210 1.55763e-15 -9.90000e+01
6568.740 1.60812e-15 -9.90000e+01
6571.270 1.59637e-15 -9.90000e+01
6573.800 1.60651e-15 -9.90000e+01
6576.330 1.61073e-15 -9.90000e+01
6578.860 1.61859e-15 -9.90000e+01
6581.390 1.58922e-15 -9.90000e+01
6583.920 1.53770e-15 -9.90000e+01
6586.450 1.54791e-15 -9.90000e+01
6588.980 1.67570e-15 -9.90000e+01
6591.510 1.46525e-15 -9.90000e+01
6594.040 1.35122e-15 -9.90000e+01
6596.570 1.59901e-15 -9.90000e+01
6599.100 1.48413e-15 -9.90000e+01
6601.630 1.51438e-15 -9.90000e+01
6604.160 1.60975e-15 -9.90000e+01
6606.690 1.48398e-15 -9.90000e+01
6609.220 1.51079e-15 -9.90000e+01
6611.750 1.56230e-15 -9.90000e+01
6614.280 1.58872e-15 -9.90000e+01
6616.810 1.50901e-15 -9.90000e+01
6619.340 1.49385e-15 -9.90000e+01
6621.870 1.41945e-15 -9.90000e+01
6624.400 1.40196e-15 -9.90000e+01
6626.930 1.45590e-15 -9.90000e+01
6629.460 1.45872e-15 -9.90000e+01
6631.990 1.44657e-15 -9.90000e+01
6634.520 1.42322e-15 -9.90000e+01
6637.050 1.42854e-15 -9.90000e+01
6639.580 1.41114e-15 -9.90000e+01
6642.110 1.37802e-15 -9.90000e+01
6644.640 1.39464e-15 -9.90000e+01
6647.170 1.37324e-15 -9.90000e+01
6649.700 1.41592e-15 -9.90000e+01
6652.230 1.38431e-15 -9.90000e+01
6654.760 1.40204e-15 -9.90000e+01
6657.290 1.40132e-15 -9.90000e+01
6659.820 1.36567e-15 -9.90000e+01
6662.350 1.36423e-15 -9.90000e+01
6664.880 1.36589e-15 -9.90000e+01
6667.410 1.30230e-15 -9.90000e+01
6669.940 1.34662e-15 -9.90000e+01
6672.470 1.31170e-15 -9.90000e+01
6675.000 1.29020e-15 -9.90000e+01
6677.530 1.32609e-15 -9.90000e+01
6680.060 1.31386e-15 -9.90000e+01
6682.590 1.31282e-15 -9.90000e+01
6685.120 1.29811e-15 -9.90000e+01
6687.650 1.28779e-15 -9.90000e+01
6690.180 1.31487e-15 -9.90000e+01
6692.710 1.25365e-15 -9.90000e+01
6695.240 1.24198e-15 -9.90000e+01
6697.770 1.27143e-15 -9.90000e+01
6700.300 1.24968e-15 -9.90000e+01
6702.830 1.22273e-15 -9.90000e+01
6705.360 1.20598e-15 -9.90000e+01
6707.890 1.23310e-15 -9.90000e+01
6710.420 1.23686e-15 -9.90000e+01
6712.950 1.21920e-15 -9.90000e+01
6715.480 1.26090e-15 -9.90000e+01
6718.010 1.23922e-15 -9.90000e+01
6720.540 1.18900e-15 -9.90000e+01
6723.070 1.16356e-15 -9.90000e+01
6725.600 1.17853e-15 -9.90000e+01
6728.130 1.15774e-15 -9.90000e+01
6730.660 1.22773e-15 -9.90000e+01
6733.190 1.17779e-15 -9.90000e+01
6735.720 1.17985e-15 -9.90000e+01
6738.250 1.20603e-15 -9.90000e+01
6740.780 1.13949e-15 -9.90000e+01
6743.310 1.14568e-15 -9.90000e+01
6745.840 1.19260e-15 -9.90000e+01
6748.370 1.18620e-15 -9.90000e+01
6750.900 1.09633e-15 -9.90000e+01
6753.430 1.11089e-15 -9.90000e+01
6755.960 1.10781e-15 -9.90000e+01
6758.490 1.14130e-15 -9.90000e+01
6761.020 1.13526e-15 -9.90000e+01
6763.550 1.14950e-15 -9.90000e+01
6766.080 1.10814e-15 -9.90000e+01
6768.610 1.09412e-15 -9.90000e+01
6771.140 1.13397e-15 -9.90000e+01
6773.670 1.15157e-15 -9.90000e+01
6776.200 1.10526e-15 -9.90000e+01
6778.730 1.09400e-15 -9.90000e+01
6781.260 1.08954e-15 -9.90000e+01
6783.790 1.08968e-15 -9.90000e+01
6786.320 1.10796e-15 -9.90000e+01
6788.850 1.12009e-15 -9.90000e+01
6791.380 1.11730e-15 -9.90000e+01
6793.910 1.06740e-15 -9.90000e+01
6796.440 1.07966e-15 -9.90000e+01
6798.970 1.07497e-15 -9.90000e+01
6801.500 1.07775e-15 -9.90000e+01
6804.030 1.09462e-15 -9.90000e+01
6806.560 1.06155e-15 -9.90000e+01
6809.090 1.00601e-15 -9.90000e+01
6811.620 1.04872e-15 -9.90000e+01
6814.150 1.10495e-15 -9.90000e+01
6816.680 1.08995e-15 -9.90000e+01
6819.210 1.08362e-15 -9.90000e+01
6821.740 1.09272e-15 -9.90000e+01
6824.270 1.08780e-15 -9.90000e+01
6826.800 1.05259e-15 -9.90000e+01
6829.330 1.02976e-15 -9.90000e+01
6831.860 1.02389e-15 -9.90000e+01
6834.390 1.04835e-15 -9.90000e+01
6836.920 1.04674e-15 -9.90000e+01
6839.450 1.03737e-15 -9.90000e+01
6841.980 1.08434e-15 -9.90000e+01
6844.510 1.08555e-15 -9.90000e+01
6847.040 1.04470e-15 -9.90000e+01
6849.570 1.05038e-15 -9.90000e+01
6852.100 1.03892e-15 -9.90000e+01
6854.630 1.03815e-15 -9.90000e+01
6857.160 1.04551e-15 -9.90000e+01
6859.690 1.08391e-15 -9.90000e+01
6862.220 1.09771e-15 -9.90000e+01
6864.750 1.03199e-15 -9.90000e+01
6867.280 1.04730e-15 -9.90000e+01
6869.810 1.02786e-15 -9.90000e+01
6872.340 1.00920e-15 -9.90000e+01
6874.870 1.03904e-15 -9.90000e+01
6877.400 1.09538e-15 -9.90000e+01
6879.930 1.07033e-15 -9.90000e+01
6882.460 1.02558e-15 -9.90000e+01
6884.990 1.08053e-15 -9.90000e+01
6887.520 1.09497e-15 -9.90000e+01
6890.050 1.07828e-15 -9.90000e+01
6892.580 1.07552e-15 -9.90000e+01
6895.110 1.11809e-15 -9.90000e+01
6897.640 1.10369e-15 -9.90000e+01
6900.170 1.07998e-15 -9.90000e+01
6902.700 1.13139e-15 -9.90000e+01
6905.230 1.12735e-15 -9.90000e+01
6907.760 1.09501e-15 -9.90000e+01
6910.290 1.08364e-15 -9.90000e+01
6912.820 1.10543e-15 -9.90000e+01
6915.350 1.16077e-15 -9.90000e+01
6917.880 1.12124e-15 -9.90000e+01
6920.410 1.08302e-15 -9.90000e+01
6922.940 1.11702e-15 -9.90000e+01
6925.470 1.12152e-15 -9.90000e+01
6928.000 1.11088e-15 -9.90000e+01
6930.530 1.11093e-15 -9.90000e+01
6933.060 1.09430e-15 -9.90000e+01
6935.590 1.12660e-15 -9.90000e+01
6938.120 1.13876e-15 -9.90000e+01
6940.650 1.13185e-15 -9.90000e+01
6943.180 1.10176e-15 -9.90000e+01
6945.710 1.11074e-15 -9.90000e+01
6948.240 1.11947e-15 -9.90000e+01
6950.770 1.13780e-15 -9.90000e+01
6953.300 1.14510e-15 -9.90000e+01
6955.830 1.12781e-15 -9.90000e+01
6958.360 1.09975e-15 -9.90000e+01
6960.890 1.12182e-15 -9.90000e+01
6963.420 1.12694e-15 -9.90000e+01
6965.950 1.14224e-15 -9.90000e+01
6968.480 1.15702e-15 -9.90000e+01
6971.010 1.13872e-15 -9.90000e+01
6973.540 1.13303e-15 -9.90000e+01
6976.070 1.16551e-15 -9.90000e+01
6978.600 1.15622e-15 -9.90000e+01
6981.130 1.15286e-15 -9.90000e+01
6983.660 1.14496e-15 -9.90000e+01
6986.190 1.13262e-15 -9.90000e+01
6988.720 1.10745e-15 -9.90000e+01
6991.250 1.15427e-15 -9.90000e+01
6993.780 1.10036e-15 -9.90000e+01
6996.310 1.10870e-15 -9.90000e+01
6998.840 1.10532e-15 -9.90000e+01
7001.370 1.11620e-15 -9.90000e+01
7003.900 1.10754e-15 -9.90000e+01
7006.430 1.09963e-15 -9.90000e+01
7008.960 1.07768e-15 -9.90000e+01
7011.490 1.05805e-15 -9.90000e+01
7014.020 1.08599e-15 -9.90000e+01
7016.550 1.11380e-15 -9.90000e+01
7019.080 1.11705e-15 -9.90000e+01
7021.610 1.09244e-15 -9.90000e+01
7024.140 1.14988e-15 -9.90000e+01
7026.670 1.16967e-15 -9.90000e+01
7029.200 1.11719e-15 -9.90000e+01
7031.730 1.15370e-15 -9.90000e+01
7034.260 1.09366e-15 -9.90000e+01
7036.790 1.14996e-15 -9.90000e+01
7039.320 1.13109e-15 -9.90000e+01
7041.850 1.09532e-15 -9.90000e+01
7044.380 1.13669e-15 -9.90000e+01
7046.910 1.13592e-15 -9.90000e+01
7049.440 1.14996e-15 -9.90000e+01
7051.970 1.17121e-15 -9.90000e+01
7054.500 1.13351e-15 -9.90000e+01
7057.030 1.17100e-15 -9.90000e+01
7059.560 1.15715e-15 -9.90000e+01
7062.090 1.13056e-15 -9.90000e+01
7064.620 1.11453e-15 -9.90000e+01
7067.150 1.10236e-15 -9.90000e+01
7069.680 1.12593e-15 -9.90000e+01
7072.210 1.10104e-15 -9.90000e+01
7074.740 1.15582e-15 -9.90000e+01
7077.270 1.10511e-15 -9.90000e+01
7079.800 1.15117e-15 -9.90000e+01
7082.330 1.19492e-15 -9.90000e+01
7084.860 1.14619e-15 -9.90000e+01
7087.390 1.14403e-15 -9.90000e+01
7089.920 1.09869e-15 -9.90000e+01
7092.450 1.11992e-15 -9.90000e+01
7094.980 1.15885e-15 -9.90000e+01
7097.510 1.15662e-15 -9.90000e+01
7100.040 1.14137e-15 -9.90000e+01
7102.570 1.13999e-15 -9.90000e+01
7105.100 1.13800e-15 -9.90000e+01
7107.630 1.12719e-15 -9.90000e+01
7110.160 1.12718e-15 -9.90000e+01
7112.690 1.17482e-15 -9.90000e+01
7115.220 1.16116e-15 -9.90000e+01
7117.750 1.16534e-15 -9.90000e+01
7120.280 1.16023e-15 -9.90000e+01
7122.810 1.17981e-15 -9.90000e+01
7125.340 1.14889e-15 -9.90000e+01
7127.870 1.18983e-15 -9.90000e+01
7130.400 1.17223e-15 -9.90000e+01
7132.930 1.21131e-15 -9.90000e+01
7135.460 1.19088e-15 -9.90000e+01
7137.990 1.21434e-15 -9.90000e+01
7140.520 1.18896e-15 -9.90000e+01
7143.050 1.19473e-15 -9.90000e+01
7145.580 1.20808e-15 -9.90000e+01
7148.110 1.18515e-15 -9.90000e+01
7150.640 1.18041e-15 -9.90000e+01
7153.170 1.22313e-15 -9.90000e+01
7155.700 1.22566e-15 -9.90000e+01
7158.230 1.22392e-15 -9.90000e+01
7160.760 1.22452e-15 -9.90000e+01
7163.290 1.21869e-15 -9.90000e+01
7165.820 1.19425e-15 -9.90000e+01
7168.350 1.24016e-15 -9.90000e+01
7170.880 1.21217e-15 -9.90000e+01
7173.410 1.18291e-15 -9.90000e+01
7175.940 1.16538e-15 -9.90000e+01
7178.470 1.21339e-15 -9.90000e+01
7181.000 1.23080e-15 -9.90000e+01
7183.530 1.22938e-15 -9.90000e+01
7186.060 1.20722e-15 -9.90000e+01
7188.590 1.25804e-15 -9.90000e+01
7191.120 1.27704e-15 -9.90000e+01
7193.650 1.22549e-15 -9.90000e+01
7196.180 1.21335e-15 -9.90000e+01
7198.710 1.21103e-15 -9.90000e+01
7201.240 1.25488e-15 -9.90000e+01
7203.770 1.26393e-15 -9.90000e+01
7206.300 1.25818e-15 -9.90000e+01
7208.830 1.25909e-15 -9.90000e+01
7211.360 1.30127e-15 -9.90000e+01
7213.890 1.29476e-15 -9.90000e+01
7216.420 1.29291e-15 -9.90000e+01
7218.950 1.30059e-15 -9.90000e+01
7221.480 1.31522e-15 -9.90000e+01
7224.010 1.32727e-15 -9.90000e+01
7226.540 1.36493e-15 -9.90000e+01
7229.070 1.34661e-15 -9.90000e+01
7231.600 1.30488e-15 -9.90000e+01
7234.130 1.33620e-15 -9.90000e+01
7236.660 1.32455e-15 -9.90000e+01
7239.190 1.34848e-15 -9.90000e+01
7241.720 1.37842e-15 -9.90000e+01
7244.250 1.36930e-15 -9.90000e+01
7246.780 1.35738e-15 -9.90000e+01
7249.310 1.32405e-15 -9.90000e+01
7251.840 1.35215e-15 -9.90000e+01
7254.370 1.38608e-15 -9.90000e+01
7256.900 1.37154e-15 -9.90000e+01
7259.430 1.38214e-15 -9.90000e+01
7261.960 1.37368e-15 -9.90000e+01
7264.490 1.41056e-15 -9.90000e+01
7267.020 1.40964e-15 -9.90000e+01
7269.550 1.44240e-15 -9.90000e+01
7272.080 1.41321e-15 -9.90000e+01
7274.610 1.34933e-15 -9.90000e+01
7277.140 1.36658e-15 -9.90000e+01
7279.670 1.37310e-15 -9.90000e+01
7282.200 1.40087e-15 -9.90000e+01
7284.730 1.44237e-15 -9.90000e+01
7287.260 1.44737e-15 -9.90000e+01
7289.790 1.38792e-15 -9.90000e+01
7292.320 1.41293e-15 -9.90000e+01
7294.850 1.44460e-15 -9.90000e+01
7297.380 1.42057e-15 -9.90000e+01
7299.910 1.40490e-15 -9.90000e+01
7302.440 1.35832e-15 -9.90000e+01
7304.970 1.39575e-15 -9.90000e+01
7307.500 1.40081e-15 -9.90000e+01
7310.030 1.36449e-15 -9.90000e+01
7312.560 1.31924e-15 -9.90000e+01
7315.090 1.36570e-15 -9.90000e+01
7317.620 1.35354e-15 -9.90000e+01
7320.150 1.33508e-15 -9.90000e+01
7322.680 1.34544e-15 -9.90000e+01
7325.210 1.36177e-15 -9.90000e+01
7327.740 1.39072e-15 -9.90000e+01
7330.270 1.34816e-15 -9.90000e+01
7332.800 1.33660e-15 -9.90000e+01
7335.330 1.36110e-15 -9.90000e+01
7337.860 1.31670e-15 -9.90000e+01
7340.390 1.34510e-15 -9.90000e+01
7342.920 1.31468e-15 -9.90000e+01
7345.450 1.28771e-15 -9.90000e+01
7347.980 1.30848e-15 -9.90000e+01
7350.510 1.29067e-15 -9.90000e+01
7353.040 1.26498e-15 -9.90000e+01
7355.570 1.32442e-15 -9.90000e+01
7358.100 1.28385e-15 -9.90000e+01
7360.630 1.25181e-15 -9.90000e+01
7363.160 1.23861e-15 -9.90000e+01
7365.690 1.23858e-15 -9.90000e+01
7368.220 1.23683e-15 -9.90000e+01
7370.750 1.24669e-15 -9.90000e+01
7373.280 1.20121e-15 -9.90000e+01
7375.810 1.25109e-15 -9.90000e+01
7378.340 1.20964e-15 -9.90000e+01
7380.870 1.28256e-15 -9.90000e+01
7383.400 1.26384e-15 -9.90000e+01
7385.930 1.25722e-15 -9.90000e+01
7388.460 1.18623e-15 -9.90000e+01
7390.990 1.20596e-15 -9.90000e+01
7393.520 1.20663e-15 -9.90000e+01
7396.050 1.18815e-15 -9.90000e+01
7398.580 1.18840e-15 -9.90000e+01
7401.110 1.14582e-15 -9.90000e+01
7403.640 1.16506e-15 -9.90000e+01
7406.170 1.15021e-15 -9.90000e+01
7408.700 1.19465e-15 -9.90000e+01
7411.230 1.16938e-15 -9.90000e+01
7413.760 1.15135e-15 -9.90000e+01
7416.290 1.15341e-15 -9.90000e+01
7418.820 1.17392e-15 -9.90000e+01
7421.350 1.14846e-15 -9.90000e+01
7423.880 1.13563e-15 -9.90000e+01
7426.410 1.12747e-15 -9.90000e+01
7428.940 1.10604e-15 -9.90000e+01
7431.470 1.12691e-15 -9.90000e+01
7434.000 1.11057e-15 -9.90000e+01
7436.530 1.12966e-15 -9.90000e+01
7439.060 1.17898e-15 -9.90000e+01
7441.590 1.13722e-15 -9.90000e+01
7444.120 1.15595e-15 -9.90000e+01
7446.650 1.16410e-15 -9.90000e+01
7449.180 1.14060e-15 -9.90000e+01
7451.710 1.12297e-15 -9.90000e+01
7454.240 1.11004e-15 -9.90000e+01
7456.770 1.13482e-15 -9.90000e+01
7459.300 1.09555e-15 -9.90000e+01
7461.830 1.08108e-15 -9.90000e+01
7464.360 1.12081e-15 -9.90000e+01
7466.890 1.14474e-15 -9.90000e+01
7469.420 1.13980e-15 -9.90000e+01
7471.950 1.12884e-15 -9.90000e+01
7474.480 1.10918e-15 -9.90000e+01
7477.010 1.09378e-15 -9.90000e+01
7479.540 1.05671e-15 -9.90000e+01
7482.070 1.09268e-15 -9.90000e+01
7484.600 1.07778e-15 -9.90000e+01
7487.130 1.03941e-15 -9.90000e+01
7489.660 1.02023e-15 -9.90000e+01
7492.190 1.04776e-15 -9.90000e+01
7494.720 1.06120e-15 -9.90000e+01
7497.250 1.04979e-15 -9.90000e+01
7499.780 1.00049e-15 -9.90000e+01
7502.310 1.04728e-15 -9.90000e+01
7504.840 1.02543e-15 -9.90000e+01
7507.370 1.03150e-15 -9.90000e+01
7509.900 1.03516e-15 -9.90000e+01
7512.430 1.01666e-15 -9.90000e+01
7514.960 1.00949e-15 -9.90000e+01
7517.490 9.99520e-16 -9.90000e+01
7520.020 1.01316e-15 -9.90000e+01
7522.550 1.05176e-15 -9.90000e+01
7525.080 1.01398e-15 -9.90000e+01
7527.610 1.02831e-15 -9.90000e+01
7530.140 1.01081e-15 -9.90000e+01
7532.670 9.96953e-16 -9.90000e+01
7535.200 9.96656e-16 -9.90000e+01
7537.730 9.62068e-16 -9.90000e+01
7540.260 9.65265e-16 -9.90000e+01
7542.790 9.95317e-16 -9.90000e+01
7545.320 9.63051e-16 -9.90000e+01
7547.850 9.34018e-16 -9.90000e+01
7550.380 9.39414e-16 -9.90000e+01
7552.910 9.54436e-16 -9.90000e+01
7555.440 9.15191e-16 -9.90000e+01
7557.970 9.47541e-16 -9.90000e+01
7560.500 9.55751e-16 -9.90000e+01
7563.030 9.59732e-16 -9.90000e+01
7565.560 9.67770e-16 -9.90000e+01
7568.090 9.30415e-16 -9.90000e+01
7570.620 9.50647e-16 -9.90000e+01
7573.150 9.39274e-16 -9.90000e+01
7575.680 9.23984e-16 -9.90000e+01
7578.210 8.90881e-16 -9.90000e+01
7580.740 9.27442e-16 -9.90000e+01
7583.270 9.30893e-16 -9.90000e+01
7585.800 9.33067e-16 -9.90000e+01
7588.330 9.85237e-16 -9.90000e+01
7590.860 9.97465e-16 -9.90000e+01
7593.390 1.04211e-15 -9.90000e+01
7595.920 1.08125e-15 -9.90000e+01
7598.450 1.03009e-15 -9.90000e+01
7600.980 9.46631e-16 -9.90000e+01
7603.510 8.49802e-16 -9.90000e+01
7606.040 7.57913e-16 -9.90000e+01
7608.570 7.66773e-16 -9.90000e+01
7611.100 8.16169e-16 -9.90000e+01
7613.630 8.04551e-16 -9.90000e+01
7616.160 8.65745e-16 -9.90000e+01
7618.690 9.95185e-16 -9.90000e+01
7621.220 1.00834e-15 -9.90000e+01
7623.750 1.01479e-15 -9.90000e+01
7626.280 9.75769e-16 -9.90000e+01
7628.810 9.15872e-16 -9.90000e+01
7631.340 9.09711e-16 -9.90000e+01
7633.870 9.72950e-16 -9.90000e+01
7636.400 9.41099e-16 -9.90000e+01
7638.930 9.49607e-16 -9.90000e+01
7641.460 9.55145e-16 -9.90000e+01
7643.990 9.83188e-16 -9.90000e+01
7646.520 9.82059e-16 -9.90000e+01
7649.050 1.02197e-15 -9.90000e+01
7651.580 9.98926e-16 -9.90000e+01
7654.110 1.04697e-15 -9.90000e+01
7656.640 1.05445e-15 -9.90000e+01
7659.170 1.03553e-15 -9.90000e+01
7661.700 1.08263e-15 -9.90000e+01
7664.230 1.10400e-15 -9.90000e+01
7666.760 1.08886e-15 -9.90000e+01
7669.290 1.05017e-15 -9.90000e+01
7671.820 1.05223e-15 -9.90000e+01
7674.350 1.09060e-15 -9.90000e+01
7676.880 1.10416e-15 -9.90000e+01
7679.410 1.10024e-15 -9.90000e+01
7681.940 1.08176e-15 -9.90000e+01
7684.470 1.08589e-15 -9.90000e+01
7687.000 1.13329e-15 -9.90000e+01
7689.530 1.12378e-15 -9.90000e+01
7692.060 1.12692e-15 -9.90000e+01
7694.590 1.12591e-15 -9.90000e+01
7697.120 1.11439e-15 -9.90000e+01
7699.650 1.15674e-15 -9.90000e+01
7702.180 1.15876e-15 -9.90000e+01
7704.710 1.15488e-15 -9.90000e+01
7707.240 1.15897e-15 -9.90000e+01
7709.770 1.17019e-15 -9.90000e+01
7712.300 1.18619e-15 -9.90000e+01
7714.830 1.17773e-15 -9.90000e+01
7717.360 1.21440e-15 -9.90000e+01
7719.890 1.21846e-15 -9.90000e+01
7722.420 1.18876e-15 -9.90000e+01
7724.950 1.20698e-15 -9.90000e+01
7727.480 1.22253e-15 -9.90000e+01
7730.010 1.22151e-15 -9.90000e+01
7732.540 1.20304e-15 -9.90000e+01
7735.070 1.22810e-15 -9.90000e+01
7737.600 1.23911e-15 -9.90000e+01
7740.130 1.21169e-15 -9.90000e+01
7742.660 1.23660e-15 -9.90000e+01
7745.190 1.25458e-15 -9.90000e+01
7747.720 1.21315e-15 -9.90000e+01
7750.250 1.17585e-15 -9.90000e+01
7752.780 1.23119e-15 -9.90000e+01
7755.310 1.25749e-15 -9.90000e+01
7757.840 1.24975e-15 -9.90000e+01
7760.370 1.23838e-15 -9.90000e+01
7762.900 1.25700e-15 -9.90000e+01
7765.430 1.27457e-15 -9.90000e+01
7767.960 1.25066e-15 -9.90000e+01
7770.490 1.21120e-15 -9.90000e+01
7773.020 1.26996e-15 -9.90000e+01
7775.550 1.24807e-15 -9.90000e+01
7778.080 1.23403e-15 -9.90000e+01
7780.610 1.26581e-15 -9.90000e+01
7783.140 1.21781e-15 -9.90000e+01
7785.670 1.21163e-15 -9.90000e+01
7788.200 1.24681e-15 -9.90000e+01
7790.730 1.28019e-15 -9.90000e+01
7793.260 1.18750e-15 -9.90000e+01
7795.790 1.21882e-15 -9.90000e+01
7798.320 1.27529e-15 -9.90000e+01
7800.850 1.22456e-15 -9.90000e+01
7803.380 1.23418e-15 -9.90000e+01
7805.910 1.24641e-15 -9.90000e+01
7808.440 1.24483e-15 -9.90000e+01
7810.970 1.25283e-15 -9.90000e+01
7813.500 1.22500e-15 -9.90000e+01
7816.030 1.25735e-15 -9.90000e+01
7818.560 1.29311e-15 -9.90000e+01
7821.090 1.28030e-15 -9.90000e+01
7823.620 1.25273e-15 -9.90000e+01
7826.150 1.24643e-15 -9.90000e+01
7828.680 1.25823e-15 -9.90000e+01
7831.210 1.28202e-15 -9.90000e+01
7833.740 1.24933e-15 -9.90000e+01
7836.270 1.24666e-15 -9.90000e+01
7838.800 1.24026e-15 -9.90000e+01
7841.330 1.22560e-15 -9.90000e+01
7843.860 1.23349e-15 -9.90000e+01
7846.390 1.18950e-15 -9.90000e+01
7848.920 1.19814e-15 -9.90000e+01
7851.450 1.22751e-15 -9.90000e+01
7853.980 1.23017e-15 -9.90000e+01
7856.510 1.20559e-15 -9.90000e+01
7859.040 1.18813e-15 -9.90000e+01
7861.570 1.18166e-15 -9.90000e+01
7864.100 1.17156e-15 -9.90000e+01
7866.630 1.17163e-15 -9.90000e+01
7869.160 1.14157e-15 -9.90000e+01
7871.690 1.17778e-15 -9.90000e+01
7874.220 1.14597e-15 -9.90000e+01
7876.750 1.13088e-15 -9.90000e+01
7879.280 1.16245e-15 -9.90000e+01
7881.810 1.14541e-15 -9.90000e+01
7884.340 1.10303e-15 -9.90000e+01
7886.870 1.05788e-15 -9.90000e+01
7889.400 1.10518e-15 -9.90000e+01
7891.930 1.11112e-15 -9.90000e+01
7894.460 1.13836e-15 -9.90000e+01
7896.990 1.08405e-15 -9.90000e+01
7899.520 1.03303e-15 -9.90000e+01
7902.050 1.06856e-15 -9.90000e+01
7904.580 1.07971e-15 -9.90000e+01
7907.110 1.08293e-15 -9.90000e+01
7909.640 1.10651e-15 -9.90000e+01
7912.170 1.06174e-15 -9.90000e+01
7914.700 1.06360e-15 -9.90000e+01
7917.230 1.05348e-15 -9.90000e+01
7919.760 1.03400e-15 -9.90000e+01
7922.290 1.01643e-15 -9.90000e+01
7924.820 1.02022e-15 -9.90000e+01
7927.350 1.02347e-15 -9.90000e+01
7929.880 1.02127e-15 -9.90000e+01
7932.410 1.01147e-15 -9.90000e+01
7934.940 1.02311e-15 -9.90000e+01
7937.470 1.03848e-15 -9.90000e+01
7940.000 9.97226e-16 -9.90000e+01
7942.530 9.95425e-16 -9.90000e+01
7945.060 1.00430e-15 -9.90000e+01
7947.590 9.99518e-16 -9.90000e+01
7950.120 9.66162e-16 -9.90000e+01
7952.650 9.22343e-16 -9.90000e+01
7955.180 9.43952e-16 -9.90000e+01
7957.710 9.43067e-16 -9.90000e+01
7960.240 9.06048e-16 -9.90000e+01
7962.770 8.96676e-16 -9.90000e+01
7965.300 9.18983e-16 -9.90000e+01
7967.830 9.15657e-16 -9.90000e+01
7970.360 9.06372e-16 -9.90000e+01
7972.890 8.91898e-16 -9.90000e+01
7975.420 9.04935e-16 -9.90000e+01
7977.950 8.92746e-16 -9.90000e+01
7980.480 8.53105e-16 -9.90000e+01
7983.010 8.90534e-16 -9.90000e+01
7985.540 8.90173e-16 -9.90000e+01
7988.070 8.62198e-16 -9.90000e+01
7990.600 8.68198e-16 -9.90000e+01
7993.130 8.82203e-16 -9.90000e+01
7995.660 8.85390e-16 -9.90000e+01
7998.190 8.68333e-16 -9.90000e+01
8000.720 8.48435e-16 -9.90000e+01
8003.250 8.40240e-16 -9.90000e+01
8005.780 8.38966e-16 -9.90000e+01
8008.310 8.14190e-16 -9.90000e+01
8010.840 8.33391e-16 -9.90000e+01
8013.370 8.22635e-16 -9.90000e+01
8015.900 8.27144e-16 -9.90000e+01
8018.430 8.45547e-16 -9.90000e+01
8020.960 8.47670e-16 -9.90000e+01
8023.490 8.47551e-16 -9.90000e+01
8026.020 8.26840e-16 -9.90000e+01
8028.550 7.88373e-16 -9.90000e+01
8031.080 7.72661e-16 -9.90000e+01
8033.610 7.73055e-16 -9.90000e+01
8036.140 7.70811e-16 -9.90000e+01
8038.670 7.62478e-16 -9.90000e+01
8041.200 7.58270e-16 -9.90000e+01
8043.730 7.58077e-16 -9.90000e+01
8046.260 7.68094e-16 -9.90000e+01
8048.790 7.68561e-16 -9.90000e+01
8051.320 7.47713e-16 -9.90000e+01
8053.850 7.21781e-16 -9.90000e+01
8056.380 7.47992e-16 -9.90000e+01
8058.910 7.48197e-16 -9.90000e+01
8061.440 7.03935e-16 -9.90000e+01
8063.970 7.09075e-16 -9.90000e+01
8066.500 7.30697e-16 -9.90000e+01
8069.030 7.32092e-16 -9.90000e+01
8071.560 7.26995e-16 -9.90000e+01
8074.090 7.33682e-16 -9.90000e+01
8076.620 7.10805e-16 -9.90000e+01
8079.150 7.33082e-16 -9.90000e+01
8081.680 7.14839e-16 -9.90000e+01
8084.210 6.95625e-16 -9.90000e+01
8086.740 6.68221e-16 -9.90000e+01
8089.270 7.11010e-16 -9.90000e+01
8091.800 6.85393e-16 -9.90000e+01
8094.330 6.57066e-16 -9.90000e+01
8096.860 7.00191e-16 -9.90000e+01
8099.390 6.69881e-16 -9.90000e+01
8101.920 6.37939e-16 -9.90000e+01
8104.450 6.07972e-16 -9.90000e+01
8106.980 6.03127e-16 -9.90000e+01
8109.510 6.14302e-16 -9.90000e+01
8112.040 6.05765e-16 -9.90000e+01
8114.570 6.34339e-16 -9.90000e+01
8117.100 6.08868e-16 -9.90000e+01
8119.630 5.96766e-16 -9.90000e+01
8122.160 5.94595e-16 -9.90000e+01
8124.690 5.94573e-16 -9.90000e+01
8127.220 5.75863e-16 -9.90000e+01
8129.750 5.53593e-16 -9.90000e+01
8132.280 5.76058e-16 -9.90000e+01
8134.810 5.35017e-16 -9.90000e+01
8137.340 4.97904e-16 -9.90000e+01
8139.870 5.15658e-16 -9.90000e+01
8142.400 4.98771e-16 -9.90000e+01
8144.930 4.91721e-16 -9.90000e+01
8147.460 4.62942e-16 -9.90000e+01
8149.990 4.72780e-16 -9.90000e+01
8152.520 4.69772e-16 -9.90000e+01
8155.050 4.44953e-16 -9.90000e+01
8157.580 4.56634e-16 -9.90000e+01
8160.110 4.73225e-16 -9.90000e+01
8162.640 4.67790e-16 -9.90000e+01
8165.170 4.63794e-16 -9.90000e+01
8167.700 4.59529e-16 -9.90000e+01
8170.230 4.30634e-16 -9.90000e+01
8172.760 4.29610e-16 -9.90000e+01
8175.290 4.36775e-16 -9.90000e+01
8177.820 4.45825e-16 -9.90000e+01
8180.350 4.14060e-16 -9.90000e+01
8182.880 3.62401e-16 -9.90000e+01
8185.410 3.80444e-16 -9.90000e+01
8187.940 3.90239e-16 -9.90000e+01
8190.470 3.99667e-16 -9.90000e+01
8193.000 4.00483e-16 -9.90000e+01
8195.530 3.65848e-16 -9.90000e+01
8198.060 3.38882e-16 -9.90000e+01
8200.590 3.64517e-16 -9.90000e+01
8203.120 4.22231e-16 -9.90000e+01
8205.650 4.04697e-16 -9.90000e+01
8208.180 3.70871e-16 -9.90000e+01
8210.710 3.87259e-16 -9.90000e+01
8213.240 4.23589e-16 -9.90000e+01
8215.770 4.07609e-16 -9.90000e+01
8218.300 4.12304e-16 -9.90000e+01
8220.830 4.01046e-16 -9.90000e+01
8223.360 3.79786e-16 -9.90000e+01
8225.890 3.86182e-16 -9.90000e+01
8228.420 3.70996e-16 -9.90000e+01
8230.950 3.66124e-16 -9.90000e+01
8233.480 3.46403e-16 -9.90000e+01
8236.010 3.81496e-16 -9.90000e+01
8238.540 3.73247e-16 -9.90000e+01
8241.070 3.42090e-16 -9.90000e+01
8243.600 3.90444e-16 -9.90000e+01
8246.130 3.69674e-16 -9.90000e+01
8248.660 4.21391e-16 -9.90000e+01
8251.190 4.35905e-16 -9.90000e+01
8253.720 4.26220e-16 -9.90000e+01
8256.250 4.45457e-16 -9.90000e+01
8258.780 4.23646e-16 -9.90000e+01
8261.310 4.17960e-16 -9.90000e+01
8263.840 4.27148e-16 -9.90000e+01
8266.370 4.45709e-16 -9.90000e+01
8268.900 4.54999e-16 -9.90000e+01
8271.430 4.56844e-16 -9.90000e+01
8273.960 4.43348e-16 -9.90000e+01
8276.490 4.48685e-16 -9.90000e+01
8279.020 4.16406e-16 -9.90000e+01
8281.550 4.75905e-16 -9.90000e+01
8284.080 4.70221e-16 -9.90000e+01
8286.610 4.28513e-16 -9.90000e+01
8289.140 4.36796e-16 -9.90000e+01
8291.670 4.72178e-16 -9.90000e+01
8294.200 4.46716e-16 -9.90000e+01
8296.730 4.38007e-16 -9.90000e+01
8299.260 4.81263e-16 -9.90000e+01
8301.790 5.01749e-16 -9.90000e+01
8304.320 4.51780e-16 -9.90000e+01
8306.850 4.97140e-16 -9.90000e+01
8309.380 5.19838e-16 -9.90000e+01
8311.910 4.81252e-16 -9.90000e+01
8314.440 4.74793e-16 -9.90000e+01
8316.970 4.89868e-16 -9.90000e+01
8319.500 4.89843e-16 -9.90000e+01
8322.030 4.62612e-16 -9.90000e+01
8324.560 4.91685e-16 -9.90000e+01
8327.090 4.62416e-16 -9.90000e+01
8329.620 4.83615e-16 -9.90000e+01
8332.150 4.82314e-16 -9.90000e+01
8334.680 4.80187e-16 -9.90000e+01
8337.210 4.79927e-16 -9.90000e+01
8339.740 4.84371e-16 -9.90000e+01
8342.270 4.99747e-16 -9.90000e+01
8344.800 5.06315e-16 -9.90000e+01
8347.330 4.87908e-16 -9.90000e+01
8349.860 5.00367e-16 -9.90000e+01
8352.390 5.17949e-16 -9.90000e+01
8354.920 5.17562e-16 -9.90000e+01
8357.450 5.19597e-16 -9.90000e+01
8359.980 5.28686e-16 -9.90000e+01
8362.510 5.62274e-16 -9.90000e+01
8365.040 5.80704e-16 -9.90000e+01
8367.570 6.03579e-16 -9.90000e+01
8370.100 6.10745e-16 -9.90000e+01
8372.630 5.87971e-16 -9.90000e+01
8375.160 6.22950e-16 -9.90000e+01
8377.690 6.50825e-16 -9.90000e+01
8380.220 6.48029e-16 -9.90000e+01
8382.750 7.13917e-16 -9.90000e+01
8385.280 7.16763e-16 -9.90000e+01
8387.810 6.45875e-16 -9.90000e+01
8390.340 6.86968e-16 -9.90000e+01
8392.870 7.16908e-16 -9.90000e+01
8395.400 7.32825e-16 -9.90000e+01
8397.930 7.78151e-16 -9.90000e+01
8400.460 7.85581e-16 -9.90000e+01
8402.990 7.64950e-16 -9.90000e+01
8405.520 7.97943e-16 -9.90000e+01
8408.050 7.98292e-16 -9.90000e+01
8410.580 7.94344e-16 -9.90000e+01
8413.110 7.71689e-16 -9.90000e+01
8415.640 8.14093e-16 -9.90000e+01
8418.170 8.61934e-16 -9.90000e+01
8420.700 8.99558e-16 -9.90000e+01
8423.230 9.01760e-16 -9.90000e+01
8425.760 9.43019e-16 -9.90000e+01
8428.290 9.62752e-16 -9.90000e+01
8430.820 9.41754e-16 -9.90000e+01
8433.350 9.23195e-16 -9.90000e+01
8435.880 9.67754e-16 -9.90000e+01
8438.410 1.00718e-15 -9.90000e+01
8440.940 1.01493e-15 -9.90000e+01
8443.470 1.03250e-15 -9.90000e+01
8446.000 1.06304e-15 -9.90000e+01
8448.530 1.08767e-15 -9.90000e+01
8451.060 1.07300e-15 -9.90000e+01
8453.590 1.10673e-15 -9.90000e+01
8456.120 1.11809e-15 -9.90000e+01
8458.650 1.14572e-15 -9.90000e+01
8461.180 1.22914e-15 -9.90000e+01
8463.710 1.19798e-15 -9.90000e+01
8466.240 1.19192e-15 -9.90000e+01
8468.770 1.24738e-15 -9.90000e+01
8471.300 1.25977e-15 -9.90000e+01
8473.830 1.30998e-15 -9.90000e+01
8476.360 1.26876e-15 -9.90000e+01
8478.890 1.29509e-15 -9.90000e+01
8481.420 1.33057e-15 -9.90000e+01
8483.950 1.33222e-15 -9.90000e+01
8486.480 1.40353e-15 -9.90000e+01
8489.010 1.43033e-15 -9.90000e+01
8491.540 1.42540e-15 -9.90000e+01
8494.070 1.48910e-15 -9.90000e+01
8496.600 1.49896e-15 -9.90000e+01
8499.130 1.51577e-15 -9.90000e+01
8501.660 1.52849e-15 -9.90000e+01
8504.190 1.58562e-15 -9.90000e+01
8506.720 1.66381e-15 -9.90000e+01
8509.250 1.66648e-15 -9.90000e+01
8511.780 1.65795e-15 -9.90000e+01
8514.310 1.64137e-15 -9.90000e+01
8516.840 1.66925e-15 -9.90000e+01
8519.370 1.69960e-15 -9.90000e+01
8521.900 1.72870e-15 -9.90000e+01
8524.430 1.78350e-15 -9.90000e+01
8526.960 1.80621e-15 -9.90000e+01
8529.490 1.79643e-15 -9.90000e+01
8532.020 1.80824e-15 -9.90000e+01
8534.550 1.83183e-15 -9.90000e+01
8537.080 1.84765e-15 -9.90000e+01
8539.610 1.87286e-15 -9.90000e+01
8542.140 1.89357e-15 -9.90000e+01
8544.670 1.93600e-15 -9.90000e+01
8547.200 1.95675e-15 -9.90000e+01
8549.730 1.94803e-15 -9.90000e+01
8552.260 1.93582e-15 -9.90000e+01
8554.790 1.96360e-15 -9.90000e+01
8557.320 1.97818e-15 -9.90000e+01
8559.850 1.99671e-15 -9.90000e+01
8562.380 2.04808e-15 -9.90000e+01
8564.910 2.04602e-15 -9.90000e+01
8567.440 2.04481e-15 -9.90000e+01
8569.970 2.02633e-15 -9.90000e+01
8572.500 2.08247e-15 -9.90000e+01
8575.030 2.08391e-15 -9.90000e+01
8577.560 2.09225e-15 -9.90000e+01
8580.090 2.16093e-15 -9.90000e+01
8582.620 2.13199e-15 -9.90000e+01
8585.150 2.08191e-15 -9.90000e+01
8587.680 2.15685e-15 -9.90000e+01
8590.210 2.18594e-15 -9.90000e+01
8592.740 2.20538e-15 -9.90000e+01
8595.270 2.25033e-15 -9.90000e+01
8597.800 2.26353e-15 -9.90000e+01
8600.330 2.28749e-15 -9.90000e+01
8602.860 2.26969e-15 -9.90000e+01
8605.390 2.28282e-15 -9.90000e+01
8607.920 2.30664e-15 -9.90000e+01
8610.450 2.26543e-15 -9.90000e+01
8612.980 2.28145e-15 -9.90000e+01
8615.510 2.32073e-15 -9.90000e+01
8618.040 2.30161e-15 -9.90000e+01
8620.570 2.27524e-15 -9.90000e+01
8623.100 2.30437e-15 -9.90000e+01
8625.630 2.35587e-15 -9.90000e+01
8628.160 2.34557e-15 -9.90000e+01
8630.690 2.29530e-15 -9.90000e+01
8633.220 2.26009e-15 -9.90000e+01
8635.750 2.30814e-15 -9.90000e+01
8638.280 2.33784e-15 -9.90000e+01
8640.810 2.27939e-15 -9.90000e+01
8643.340 2.26974e-15 -9.90000e+01
8645.870 2.32460e-15 -9.90000e+01
8648.400 2.29300e-15 -9.90000e+01
8650.930 2.26081e-15 -9.90000e+01
8653.460 2.30989e-15 -9.90000e+01
8655.990 2.30160e-15 -9.90000e+01
8658.520 2.31942e-15 -9.90000e+01
8661.050 2.35758e-15 -9.90000e+01
8663.580 2.31099e-15 -9.90000e+01
8666.110 2.27568e-15 -9.90000e+01
8668.640 2.28599e-15 -9.90000e+01
8671.170 2.28926e-15 -9.90000e+01
8673.700 2.29311e-15 -9.90000e+01
8676.230 2.30339e-15 -9.90000e+01
8678.760 2.31383e-15 -9.90000e+01
8681.290 2.31648e-15 -9.90000e+01
8683.820 2.30212e-15 -9.90000e+01
8686.350 2.31080e-15 -9.90000e+01
8688.880 2.32095e-15 -9.90000e+01
8691.410 2.30526e-15 -9.90000e+01
8693.940 2.28895e-15 -9.90000e+01
8696.470 2.27953e-15 -9.90000e+01
8699.000 2.29534e-15 -9.90000e+01
8701.530 2.27836e-15 -9.90000e+01
8704.060 2.24261e-15 -9.90000e+01
8706.590 2.21976e-15 -9.90000e+01
8709.120 2.19663e-15 -9.90000e+01
8711.650 2.20475e-15 -9.90000e+01
8714.180 2.20885e-15 -9.90000e+01
8716.710 2.20477e-15 -9.90000e+01
8719.240 2.22638e-15 -9.90000e+01
8721.770 2.22400e-15 -9.90000e+01
8724.300 2.16500e-15 -9.90000e+01
8726.830 2.13756e-15 -9.90000e+01
8729.360 2.17084e-15 -9.90000e+01
8731.890 2.18175e-15 -9.90000e+01
8734.420 2.18066e-15 -9.90000e+01
8736.950 2.12839e-15 -9.90000e+01
8739.480 2.15864e-15 -9.90000e+01
8742.010 2.17446e-15 -9.90000e+01
8744.540 2.12032e-15 -9.90000e+01
8747.070 2.08932e-15 -9.90000e+01
8749.600 2.08743e-15 -9.90000e+01
8752.130 2.12092e-15 -9.90000e+01
8754.660 2.07927e-15 -9.90000e+01
8757.190 2.05529e-15 -9.90000e+01
8759.720 1.99379e-15 -9.90000e+01
8762.250 1.98670e-15 -9.90000e+01
8764.780 1.99301e-15 -9.90000e+01
8767.310 1.94305e-15 -9.90000e+01
8769.840 1.92495e-15 -9.90000e+01
8772.370 1.87597e-15 -9.90000e+01
8774.900 1.86873e-15 -9.90000e+01
8777.430 1.88977e-15 -9.90000e+01
8779.960 1.88029e-15 -9.90000e+01
8782.490 1.85355e-15 -9.90000e+01
8785.020 1.86580e-15 -9.90000e+01
8787.550 1.85515e-15 -9.90000e+01
8790.080 1.85367e-15 -9.90000e+01
8792.610 1.84114e-15 -9.90000e+01
8795.140 1.81549e-15 -9.90000e+01
8797.670 1.78531e-15 -9.90000e+01
8800.200 1.75976e-15 -9.90000e+01
8802.730 1.75972e-15 -9.90000e+01
8805.260 1.71037e-15 -9.90000e+01
8807.790 1.68742e-15 -9.90000e+01
8810.320 1.70934e-15 -9.90000e+01
8812.850 1.68022e-15 -9.90000e+01
8815.380 1.65030e-15 -9.90000e+01
8817.910 1.64996e-15 -9.90000e+01
8820.440 1.66409e-15 -9.90000e+01
8822.970 1.63600e-15 -9.90000e+01
8825.500 1.56188e-15 -9.90000e+01
8828.030 1.53277e-15 -9.90000e+01
8830.560 1.52038e-15 -9.90000e+01
8833.090 1.49464e-15 -9.90000e+01
8835.620 1.48251e-15 -9.90000e+01
8838.150 1.50111e-15 -9.90000e+01
8840.680 1.49964e-15 -9.90000e+01
8843.210 1.45178e-15 -9.90000e+01
8845.740 1.43066e-15 -9.90000e+01
8848.270 1.40609e-15 -9.90000e+01
8850.800 1.40026e-15 -9.90000e+01
8853.330 1.38654e-15 -9.90000e+01
8855.860 1.35502e-15 -9.90000e+01
8858.390 1.34351e-15 -9.90000e+01
8860.920 1.31076e-15 -9.90000e+01
8863.450 1.27228e-15 -9.90000e+01
8865.980 1.24528e-15 -9.90000e+01
8868.510 1.23182e-15 -9.90000e+01
8871.040 1.22046e-15 -9.90000e+01
8873.570 1.21485e-15 -9.90000e+01
8876.100 1.20644e-15 -9.90000e+01
8878.630 1.19709e-15 -9.90000e+01
8881.160 1.18389e-15 -9.90000e+01
8883.690 1.14193e-15 -9.90000e+01
8886.220 1.11919e-15 -9.90000e+01
8888.750 1.09486e-15 -9.90000e+01
8891.280 1.06047e-15 -9.90000e+01
8893.810 1.07171e-15 -9.90000e+01
8896.340 1.09733e-15 -9.90000e+01
8898.870 1.08324e-15 -9.90000e+01
8901.400 1.06514e-15 -9.90000e+01
8903.930 1.05774e-15 -9.90000e+01
8906.460 9.91355e-16 -9.90000e+01
8908.990 1.01936e-15 -9.90000e+01
8911.520 1.03473e-15 -9.90000e+01
8914.050 1.02316e-15 -9.90000e+01
8916.580 1.01383e-15 -9.90000e+01
8919.110 1.00484e-15 -9.90000e+01
8921.640 9.89064e-16 -9.90000e+01
8924.170 9.80913e-16 -9.90000e+01
8926.700 9.64090e-16 -9.90000e+01
8929.230 9.29180e-16 -9.90000e+01
8931.760 9.40412e-16 -9.90000e+01
8934.290 9.52233e-16 -9.90000e+01
8936.820 9.29725e-16 -9.90000e+01
8939.350 9.15102e-16 -9.90000e+01
8941.880 9.12908e-16 -9.90000e+01
8944.410 9.15545e-16 -9.90000e+01
8946.940 9.50614e-16 -9.90000e+01
8949.470 9.30407e-16 -9.90000e+01
8952.000 8.75390e-16 -9.90000e+01
8954.530 8.93010e-16 -9.90000e+01
8957.060 9.41644e-16 -9.90000e+01
8959.590 9.11009e-16 -9.90000e+01
8962.120 8.75745e-16 -9.90000e+01
8964.650 8.76503e-16 -9.90000e+01
8967.180 8.96437e-16 -9.90000e+01
8969.710 9.37190e-16 -9.90000e+01
8972.240 9.18552e-16 -9.90000e+01
8974.770 8.69819e-16 -9.90000e+01
8977.300 8.58753e-16 -9.90000e+01
8979.830 8.97051e-16 -9.90000e+01
8982.360 8.92480e-16 -9.90000e+01
8984.890 8.28295e-16 -9.90000e+01
8987.420 8.39975e-16 -9.90000e+01
8989.950 8.45694e-16 -9.90000e+01
8992.480 7.99244e-16 -9.90000e+01
8995.010 7.99008e-16 -9.90000e+01
8997.540 9.05151e-16 -9.90000e+01
9000.070 9.17871e-16 -9.90000e+01
9002.600 8.78131e-16 -9.90000e+01
9005.130 8.91993e-16 -9.90000e+01
9007.660 8.78441e-16 -9.90000e+01
9010.190 9.11016e-16 -9.90000e+01
9012.720 9.04885e-16 -9.90000e+01
9015.250 9.03197e-16 -9.90000e+01
9017.780 9.01256e-16 -9.90000e+01
9020.310 8.23238e-16 -9.90000e+01
9022.840 8.56615e-16 -9.90000e+01
9025.370 8.89538e-16 -9.90000e+01
9027.900 8.60237e-16 -9.90000e+01
9030.430 8.43341e-16 -9.90000e+01
9032.960 8.62474e-16 -9.90000e+01
9035.490 8.77820e-16 -9.90000e+01
9038.020 8.60349e-16 -9.90000e+01
9040.550 8.57969e-16 -9.90000e+01
9043.080 8.81048e-16 -9.90000e+01
9045.610 8.48590e-16 -9.90000e+01
9048.140 8.58732e-16 -9.90000e+01
9050.670 8.63218e-16 -9.90000e+01
9053.200 8.23482e-16 -9.90000e+01
9055.730 8.47532e-16 -9.90000e+01
9058.260 8.67286e-16 -9.90000e+01
9060.790 8.54873e-16 -9.90000e+01
9063.320 8.63145e-16 -9.90000e+01
9065.850 8.17381e-16 -9.90000e+01
9068.380 8.02361e-16 -9.90000e+01
9070.910 8.10512e-16 -9.90000e+01
9073.440 8.30326e-16 -9.90000e+01
9075.970 8.39271e-16 -9.90000e+01
9078.500 8.17051e-16 -9.90000e+01
9081.030 7.87337e-16 -9.90000e+01
9083.560 8.15376e-16 -9.90000e+01
9086.090 8.24172e-16 -9.90000e+01
9088.620 8.09597e-16 -9.90000e+01
9091.150 8.10241e-16 -9.90000e+01
9093.680 8.15744e-16 -9.90000e+01
9096.210 8.20717e-16 -9.90000e+01
9098.740 8.25490e-16 -9.90000e+01
9101.270 8.28142e-16 -9.90000e+01
9103.800 8.35968e-16 -9.90000e+01
9106.330 8.40689e-16 -9.90000e+01
9108.860 8.50414e-16 -9.90000e+01
9111.390 8.97088e-16 -9.90000e+01
9113.920 8.88937e-16 -9.90000e+01
9116.450 8.54708e-16 -9.90000e+01
9118.980 8.79647e-16 -9.90000e+01
9121.510 8.88666e-16 -9.90000e+01
9124.040 8.97098e-16 -9.90000e+01
9126.570 8.87943e-16 -9.90000e+01
9129.100 8.65879e-16 -9.90000e+01
9131.630 8.65274e-16 -9.90000e+01
9134.160 8.43868e-16 -9.90000e+01
9136.690 8.46569e-16 -9.90000e+01
9139.220 8.91298e-16 -9.90000e+01
9141.750 9.35909e-16 -9.90000e+01
9144.280 9.36977e-16 -9.90000e+01
9146.810 9.19724e-16 -9.90000e+01
9149.340 9.04185e-16 -9.90000e+01
9151.870 8.98767e-16 -9.90000e+01
9154.400 8.71253e-16 -9.90000e+01
9156.930 9.02828e-16 -9.90000e+01
9159.460 9.36303e-16 -9.90000e+01
9161.990 9.34193e-16 -9.90000e+01
9164.520 9.31435e-16 -9.90000e+01
9167.050 9.49804e-16 -9.90000e+01
9169.580 9.69109e-16 -9.90000e+01
9172.110 9.47876e-16 -9.90000e+01
9174.640 9.10717e-16 -9.90000e+01
9177.170 9.09027e-16 -9.90000e+01
9179.700 9.22730e-16 -9.90000e+01
9182.230 9.46380e-16 -9.90000e+01
9184.760 9.61415e-16 -9.90000e+01
9187.290 9.51199e-16 -9.90000e+01
9189.820 9.70178e-16 -9.90000e+01
9192.350 9.76688e-16 -9.90000e+01
9194.880 9.67185e-16 -9.90000e+01
9197.410 9.48879e-16 -9.90000e+01
9199.940 9.66917e-16 -9.90000e+01
9202.470 9.74352e-16 -9.90000e+01
9205.000 9.71643e-16 -9.90000e+01
9207.530 9.61685e-16 -9.90000e+01
9210.060 9.64963e-16 -9.90000e+01
9212.590 9.53709e-16 -9.90000e+01
9215.120 9.39697e-16 -9.90000e+01
9217.650 9.59486e-16 -9.90000e+01
9220.180 1.00315e-15 -9.90000e+01
9222.710 1.04053e-15 -9.90000e+01
9225.240 1.04121e-15 -9.90000e+01
9227.770 1.01517e-15 -9.90000e+01
9230.300 9.68540e-16 -9.90000e+01
9232.830 9.49937e-16 -9.90000e+01
9235.360 9.60610e-16 -9.90000e+01
9237.890 9.62727e-16 -9.90000e+01
9240.420 9.48063e-16 -9.90000e+01
9242.950 9.22926e-16 -9.90000e+01
9245.480 9.42848e-16 -9.90000e+01
9248.010 9.52982e-16 -9.90000e+01
9250.540 9.09503e-16 -9.90000e+01
9253.070 8.86722e-16 -9.90000e+01
9255.600 8.97345e-16 -9.90000e+01
9258.130 8.89243e-16 -9.90000e+01
9260.660 8.79977e-16 -9.90000e+01
9263.190 9.05480e-16 -9.90000e+01
9265.720 9.20326e-16 -9.90000e+01
9268.250 9.48434e-16 -9.90000e+01
9270.780 9.58880e-16 -9.90000e+01
9273.310 9.03941e-16 -9.90000e+01
9275.840 8.67091e-16 -9.90000e+01
9278.370 8.55048e-16 -9.90000e+01
9280.900 8.19581e-16 -9.90000e+01
9283.430 8.29061e-16 -9.90000e+01
9285.960 8.46741e-16 -9.90000e+01
9288.490 8.58144e-16 -9.90000e+01
9291.020 8.19349e-16 -9.90000e+01
9293.550 8.11597e-16 -9.90000e+01
9296.080 8.44164e-16 -9.90000e+01
9298.610 8.33150e-16 -9.90000e+01
9301.140 8.25576e-16 -9.90000e+01
9303.670 8.35711e-16 -9.90000e+01
9306.200 8.32516e-16 -9.90000e+01
9308.730 8.08854e-16 -9.90000e+01
9311.260 7.65289e-16 -9.90000e+01
9313.790 7.75484e-16 -9.90000e+01
9316.320 7.96129e-16 -9.90000e+01
9318.850 8.04618e-16 -9.90000e+01
9321.380 7.64611e-16 -9.90000e+01
9323.910 7.10288e-16 -9.90000e+01
9326.440 6.90334e-16 -9.90000e+01
9328.970 7.77654e-16 -9.90000e+01
9331.500 7.69352e-16 -9.90000e+01
9334.030 7.26357e-16 -9.90000e+01
9336.560 7.36780e-16 -9.90000e+01
9339.090 7.20908e-16 -9.90000e+01
9341.620 6.97455e-16 -9.90000e+01
9344.150 6.77251e-16 -9.90000e+01
9346.680 6.86550e-16 -9.90000e+01
9349.210 7.36181e-16 -9.90000e+01
9351.740 7.31714e-16 -9.90000e+01
9354.270 7.12804e-16 -9.90000e+01
9356.800 6.57985e-16 -9.90000e+01
9359.330 6.58340e-16 -9.90000e+01
9361.860 7.14901e-16 -9.90000e+01
9364.390 7.35420e-16 -9.90000e+01
9366.920 6.70077e-16 -9.90000e+01
9369.450 6.32815e-16 -9.90000e+01
9371.980 7.12950e-16 -9.90000e+01
9374.510 6.97734e-16 -9.90000e+01
9377.040 6.60631e-16 -9.90000e+01
9379.570 6.68814e-16 -9.90000e+01
9382.100 6.64446e-16 -9.90000e+01
9384.630 6.90650e-16 -9.90000e+01
9387.160 6.96313e-16 -9.90000e+01
9389.690 6.72453e-16 -9.90000e+01
9392.220 6.86311e-16 -9.90000e+01
9394.750 7.04140e-16 -9.90000e+01
9397.280 7.04586e-16 -9.90000e+01
9399.810 7.05732e-16 -9.90000e+01
9402.340 6.94482e-16 -9.90000e+01
9404.870 6.74275e-16 -9.90000e+01
9407.400 6.66235e-16 -9.90000e+01
9409.930 6.98979e-16 -9.90000e+01
9412.460 7.02198e-16 -9.90000e+01
9414.990 6.40986e-16 -9.90000e+01
9417.520 6.49920e-16 -9.90000e+01
9420.050 6.85749e-16 -9.90000e+01
9422.580 6.78112e-16 -9.90000e+01
9425.110 6.49551e-16 -9.90000e+01
9427.640 5.90667e-16 -9.90000e+01
9430.170 6.17603e-16 -9.90000e+01
9432.700 6.75434e-16 -9.90000e+01
9435.230 6.61252e-16 -9.90000e+01
9437.760 6.40148e-16 -9.90000e+01
9440.290 6.30723e-16 -9.90000e+01
9442.820 5.66842e-16 -9.90000e+01
9445.350 5.83243e-16 -9.90000e+01
9447.880 6.18023e-16 -9.90000e+01
9450.410 6.60939e-16 -9.90000e+01
9452.940 6.28189e-16 -9.90000e+01
9455.470 6.18615e-16 -9.90000e+01
9458.000 6.26691e-16 -9.90000e+01
9460.530 6.39097e-16 -9.90000e+01
9463.060 6.17264e-16 -9.90000e+01
9465.590 6.04860e-16 -9.90000e+01
9468.120 5.87642e-16 -9.90000e+01
9470.650 6.47776e-16 -9.90000e+01
9473.180 6.54342e-16 -9.90000e+01
9475.710 6.06521e-16 -9.90000e+01
9478.240 5.84285e-16 -9.90000e+01
9480.770 6.10374e-16 -9.90000e+01
9483.300 6.23922e-16 -9.90000e+01
9485.830 6.18764e-16 -9.90000e+01
9488.360 6.26014e-16 -9.90000e+01
9490.890 6.45277e-16 -9.90000e+01
9493.420 6.31650e-16 -9.90000e+01
9495.950 5.92840e-16 -9.90000e+01
9498.480 6.00772e-16 -9.90000e+01
9501.010 5.92540e-16 -9.90000e+01
9503.540 5.74889e-16 -9.90000e+01
9506.070 6.50161e-16 -9.90000e+01
9508.600 7.05122e-16 -9.90000e+01
9511.130 6.86485e-16 -9.90000e+01
9513.660 6.52341e-16 -9.90000e+01
9516.190 6.39234e-16 -9.90000e+01
9518.720 6.17219e-16 -9.90000e+01
9521.250 5.83395e-16 -9.90000e+01
9523.780 6.06544e-16 -9.90000e+01
9526.310 6.24602e-16 -9.90000e+01
9528.840 6.36911e-16 -9.90000e+01
9531.370 6.33778e-16 -9.90000e+01
9533.900 6.18382e-16 -9.90000e+01
9536.430 6.15282e-16 -9.90000e+01
9538.960 6.63933e-16 -9.90000e+01
9541.490 7.05174e-16 -9.90000e+01
9544.020 6.49075e-16 -9.90000e+01
9546.550 6.01992e-16 -9.90000e+01
9549.080 6.31824e-16 -9.90000e+01
9551.610 6.52393e-16 -9.90000e+01
9554.140 5.94760e-16 -9.90000e+01
9556.670 5.84127e-16 -9.90000e+01
9559.200 6.26384e-16 -9.90000e+01
9561.730 6.46216e-16 -9.90000e+01
9564.260 6.31378e-16 -9.90000e+01
9566.790 5.83352e-16 -9.90000e+01
9569.320 5.71493e-16 -9.90000e+01
9571.850 6.55272e-16 -9.90000e+01
9574.380 6.81241e-16 -9.90000e+01
9576.910 6.01013e-16 -9.90000e+01
9579.440 5.43258e-16 -9.90000e+01
9581.970 5.45178e-16 -9.90000e+01
9584.500 5.87666e-16 -9.90000e+01
9587.030 5.64548e-16 -9.90000e+01
9589.560 5.78828e-16 -9.90000e+01
9592.090 5.85148e-16 -9.90000e+01
9594.620 5.56254e-16 -9.90000e+01
9597.150 5.74208e-16 -9.90000e+01
9599.680 5.85155e-16 -9.90000e+01
9602.210 6.05372e-16 -9.90000e+01
9604.740 6.07501e-16 -9.90000e+01
9607.270 5.98763e-16 -9.90000e+01
9609.800 5.91998e-16 -9.90000e+01
9612.330 6.28630e-16 -9.90000e+01
9614.860 6.21146e-16 -9.90000e+01
9617.390 6.10981e-16 -9.90000e+01
9619.920 6.33235e-16 -9.90000e+01
9622.450 6.05102e-16 -9.90000e+01
9624.980 5.90967e-16 -9.90000e+01
9627.510 6.07334e-16 -9.90000e+01
9630.040 6.58940e-16 -9.90000e+01
9632.570 6.56081e-16 -9.90000e+01
9635.100 6.22299e-16 -9.90000e+01
9637.630 6.25061e-16 -9.90000e+01
9640.160 6.41553e-16 -9.90000e+01
9642.690 6.30063e-16 -9.90000e+01
9645.220 6.12596e-16 -9.90000e+01
9647.750 6.34585e-16 -9.90000e+01
9650.280 6.16379e-16 -9.90000e+01
9652.810 6.24641e-16 -9.90000e+01
9655.340 6.40819e-16 -9.90000e+01
9657.870 6.04486e-16 -9.90000e+01
9660.400 5.97034e-16 -9.90000e+01
9662.930 6.37100e-16 -9.90000e+01
9665.460 6.63723e-16 -9.90000e+01
9667.990 6.51720e-16 -9.90000e+01
9670.520 6.80064e-16 -9.90000e+01
9673.050 6.69161e-16 -9.90000e+01
9675.580 6.75900e-16 -9.90000e+01
9678.110 6.89521e-16 -9.90000e+01
9680.640 6.70593e-16 -9.90000e+01
9683.170 6.77319e-16 -9.90000e+01
9685.700 6.57521e-16 -9.90000e+01
9688.230 6.63903e-16 -9.90000e+01
9690.760 6.94582e-16 -9.90000e+01
9693.290 7.01082e-16 -9.90000e+01
9695.820 7.07457e-16 -9.90000e+01
9698.350 6.87214e-16 -9.90000e+01
9700.880 6.47389e-16 -9.90000e+01
9703.410 6.45635e-16 -9.90000e+01
9705.940 6.74233e-16 -9.90000e+01
9708.470 7.08299e-16 -9.90000e+01
9711.000 7.31608e-16 -9.90000e+01
9713.530 6.73619e-16 -9.90000e+01
9716.060 6.64450e-16 -9.90000e+01
9718.590 6.85579e-16 -9.90000e+01
9721.120 6.65747e-16 -9.90000e+01
9723.650 6.62732e-16 -9.90000e+01
9726.180 6.77187e-16 -9.90000e+01
9728.710 6.98670e-16 -9.90000e+01
9731.240 6.97649e-16 -9.90000e+01
9733.770 6.48668e-16 -9.90000e+01
9736.300 6.30397e-16 -9.90000e+01
9738.830 6.70580e-16 -9.90000e+01
9741.360 6.95736e-16 -9.90000e+01
9743.890 6.90122e-16 -9.90000e+01
9746.420 6.60125e-16 -9.90000e+01
9748.950 6.39072e-16 -9.90000e+01
9751.480 6.58411e-16 -9.90000e+01
9754.010 6.79875e-16 -9.90000e+01
9756.540 6.64573e-16 -9.90000e+01
9759.070 6.42089e-16 -9.90000e+01
9761.600 6.32454e-16 -9.90000e+01
9764.130 6.50049e-16 -9.90000e+01
9766.660 6.71635e-16 -9.90000e+01
9769.190 7.06314e-16 -9.90000e+01
9771.720 6.91314e-16 -9.90000e+01
9774.250 6.75250e-16 -9.90000e+01
9776.780 6.51921e-16 -9.90000e+01
9779.310 6.30329e-16 -9.90000e+01
9781.840 6.43051e-16 -9.90000e+01
9784.370 6.29507e-16 -9.90000e+01
9786.900 6.50082e-16 -9.90000e+01
9789.430 6.56727e-16 -9.90000e+01
9791.960 6.61659e-16 -9.90000e+01
9794.490 6.63580e-16 -9.90000e+01
9797.020 6.65973e-16 -9.90000e+01
9799.550 6.87051e-16 -9.90000e+01
9802.080 6.88944e-16 -9.90000e+01
9804.610 7.01281e-16 -9.90000e+01
9807.140 6.88941e-16 -9.90000e+01
9809.670 7.00714e-16 -9.90000e+01
9812.200 6.88988e-16 -9.90000e+01
9814.730 6.52107e-16 -9.90000e+01
9817.260 6.41950e-16 -9.90000e+01
9819.790 6.50359e-16 -9.90000e+01
9822.320 6.62493e-16 -9.90000e+01
9824.850 6.52269e-16 -9.90000e+01
9827.380 6.29816e-16 -9.90000e+01
9829.910 6.15947e-16 -9.90000e+01
9832.440 6.02253e-16 -9.90000e+01
9834.970 6.09968e-16 -9.90000e+01
9837.500 6.22966e-16 -9.90000e+01
9840.030 6.39261e-16 -9.90000e+01
9842.560 6.61921e-16 -9.90000e+01
9845.090 6.83101e-16 -9.90000e+01
9847.620 6.87596e-16 -9.90000e+01
9850.150 6.83183e-16 -9.90000e+01
9852.680 6.61693e-16 -9.90000e+01
9855.210 6.04511e-16 -9.90000e+01
9857.740 5.81338e-16 -9.90000e+01
9860.270 6.19298e-16 -9.90000e+01
9862.800 6.59390e-16 -9.90000e+01
9865.330 6.53534e-16 -9.90000e+01
9867.860 6.09851e-16 -9.90000e+01
9870.390 5.91964e-16 -9.90000e+01
9872.920 6.14037e-16 -9.90000e+01
9875.450 6.19495e-16 -9.90000e+01
9877.980 6.39062e-16 -9.90000e+01
9880.510 6.13458e-16 -9.90000e+01
9883.040 5.63300e-16 -9.90000e+01
9885.570 5.93067e-16 -9.90000e+01
9888.100 6.02970e-16 -9.90000e+01
9890.630 5.86377e-16 -9.90000e+01
9893.160 5.94117e-16 -9.90000e+01
9895.690 6.04350e-16 -9.90000e+01
9898.220 5.48278e-16 -9.90000e+01
9900.750 5.50361e-16 -9.90000e+01
9903.280 5.34003e-16 -9.90000e+01
9905.810 5.46012e-16 -9.90000e+01
9908.340 5.57158e-16 -9.90000e+01
9910.870 5.75402e-16 -9.90000e+01
9913.400 6.07805e-16 -9.90000e+01
9915.930 5.95148e-16 -9.90000e+01
9918.460 5.42417e-16 -9.90000e+01
9920.990 5.12793e-16 -9.90000e+01
9923.520 5.40079e-16 -9.90000e+01
9926.050 5.34351e-16 -9.90000e+01
9928.580 5.07185e-16 -9.90000e+01
9931.110 4.98091e-16 -9.90000e+01
9933.640 5.28229e-16 -9.90000e+01
9936.170 5.32006e-16 -9.90000e+01
9938.700 5.07886e-16 -9.90000e+01
9941.230 5.11997e-16 -9.90000e+01
9943.760 5.55798e-16 -9.90000e+01
9946.290 5.42895e-16 -9.90000e+01
9948.820 4.57342e-16 -9.90000e+01
9951.350 4.69841e-16 -9.90000e+01
9953.880 5.31651e-16 -9.90000e+01
9956.410 5.48931e-16 -9.90000e+01
9958.940 5.71546e-16 -9.90000e+01
9961.470 5.69106e-16 -9.90000e+01
9964.000 5.29496e-16 -9.90000e+01
9966.530 4.77770e-16 -9.90000e+01
9969.060 4.65781e-16 -9.90000e+01
9971.590 4.54670e-16 -9.90000e+01
9974.120 4.63300e-16 -9.90000e+01
9976.650 4.73657e-16 -9.90000e+01
9979.180 4.88821e-16 -9.90000e+01
9981.710 5.16395e-16 -9.90000e+01
9984.240 5.03464e-16 -9.90000e+01
9986.770 5.34723e-16 -9.90000e+01
9989.300 5.24129e-16 -9.90000e+01
9991.830 4.92923e-16 -9.90000e+01
9994.360 5.01877e-16 -9.90000e+01
9996.890 5.01936e-16 -9.90000e+01
9999.420 4.89016e-16 -9.90000e+01
10001.900 4.56175e-16 -9.90000e+01
10004.500 4.68777e-16 -9.90000e+01
10007.000 4.61197e-16 -9.90000e+01
10009.500 3.98260e-16 -9.90000e+01
10012.100 4.03234e-16 -9.90000e+01
10014.600 4.64310e-16 -9.90000e+01
10017.100 4.75277e-16 -9.90000e+01
10019.700 4.26698e-16 -9.90000e+01
10022.200 4.26298e-16 -9.90000e+01
10024.700 4.73611e-16 -9.90000e+01
10027.200 4.63063e-16 -9.90000e+01
10029.800 4.73356e-16 -9.90000e+01
10032.300 5.06850e-16 -9.90000e+01
10034.800 4.38251e-16 -9.90000e+01
10037.400 3.89805e-16 -9.90000e+01
10039.900 4.38206e-16 -9.90000e+01
10042.400 4.43394e-16 -9.90000e+01
10045.000 4.26993e-16 -9.90000e+01
10047.500 4.55708e-16 -9.90000e+01
10050.000 4.27339e-16 -9.90000e+01
10052.500 3.83697e-16 -9.90000e+01
10055.100 3.89110e-16 -9.90000e+01
10057.600 4.19531e-16 -9.90000e+01
10060.100 4.36343e-16 -9.90000e+01
10062.700 4.37950e-16 -9.90000e+01
10065.200 4.20847e-16 -9.90000e+01
10067.700 4.03136e-16 -9.90000e+01
10070.300 4.19991e-16 -9.90000e+01
10072.800 4.62667e-16 -9.90000e+01
10075.300 3.87822e-16 -9.90000e+01
10077.800 3.46060e-16 -9.90000e+01
10080.400 4.03884e-16 -9.90000e+01
10082.900 4.78964e-16 -9.90000e+01
10085.400 4.29658e-16 -9.90000e+01
10088.000 3.74534e-16 -9.90000e+01
10090.500 4.01417e-16 -9.90000e+01
10093.000 4.21952e-16 -9.90000e+01
10095.600 3.98233e-16 -9.90000e+01
10098.100 3.78707e-16 -9.90000e+01
10100.600 3.39381e-16 -9.90000e+01
10103.200 3.06273e-16 -9.90000e+01
10105.700 2.77683e-16 -9.90000e+01
10108.200 3.35715e-16 -9.90000e+01
10110.700 3.56962e-16 -9.90000e+01
10113.300 3.72954e-16 -9.90000e+01
10115.800 3.86436e-16 -9.90000e+01
10118.300 4.32744e-16 -9.90000e+01
10120.900 4.11125e-16 -9.90000e+01
10123.400 2.81895e-16 -9.90000e+01
10125.900 2.35365e-16 -9.90000e+01
10128.400 2.77350e-16 -9.90000e+01
10131.000 3.19869e-16 -9.90000e+01
10133.500 3.26006e-16 -9.90000e+01
10136.000 3.60657e-16 -9.90000e+01
10138.600 3.67210e-16 -9.90000e+01
10141.100 3.27718e-16 -9.90000e+01
10143.600 2.79946e-16 -9.90000e+01
10146.200 2.95954e-16 -9.90000e+01
10148.700 3.24245e-16 -9.90000e+01
10151.200 3.15175e-16 -9.90000e+01
10153.800 3.01253e-16 -9.90000e+01
10156.300 2.76598e-16 -9.90000e+01
10158.800 2.93495e-16 -9.90000e+01
10161.300 3.22714e-16 -9.90000e+01
10163.900 3.54548e-16 -9.90000e+01
10166.400 3.62354e-16 -9.90000e+01
10168.900 3.04421e-16 -9.90000e+01
10171.500 2.47999e-16 -9.90000e+01
10174.000 2.54520e-16 -9.90000e+01
10176.500 2.11681e-16 -9.90000e+01
10179.000 2.68156e-16 -9.90000e+01
10181.600 3.18290e-16 -9.90000e+01
10184.100 3.44285e-16 -9.90000e+01
10186.600 3.08757e-16 -9.90000e+01
10189.200 2.47338e-16 -9.90000e+01
10191.700 2.42389e-16 -9.90000e+01
10194.200 2.89124e-16 -9.90000e+01
10196.800 3.28385e-16 -9.90000e+01
10199.300 1.96900e-16 -9.90000e+01
10201.800 1.21224e-16 -9.90000e+01
10204.300 2.35053e-16 -9.90000e+01
10206.900 3.14113e-16 -9.90000e+01
10209.400 2.73790e-16 -9.90000e+01
10211.900 2.20761e-16 -9.90000e+01
10214.500 2.14901e-16 -9.90000e+01
10217.000 2.32317e-16 -9.90000e+01
10219.500 2.60802e-16 -9.90000e+01
10222.100 2.63909e-16 -9.90000e+01
10224.600 2.88336e-16 -9.90000e+01
10227.100 2.86236e-16 -9.90000e+01
10229.700 2.42133e-16 -9.90000e+01
10232.200 2.59052e-16 -9.90000e+01
10234.700 2.75436e-16 -9.90000e+01
10237.200 2.23794e-16 -9.90000e+01
10239.800 1.87449e-16 -9.90000e+01
10242.300 2.52574e-16 -9.90000e+01
10244.800 2.65421e-16 -9.90000e+01
10247.400 1.96934e-16 -9.90000e+01
10249.900 1.98593e-16 -9.90000e+01
10252.400 2.32364e-16 -9.90000e+01
10254.900 2.23872e-16 -9.90000e+01
10257.500 2.56981e-16 -9.90000e+01
10260.000 3.06099e-16 -9.90000e+01
10262.500 3.11532e-16 -9.90000e+01
10265.100 3.03989e-16 -9.90000e+01
10267.600 2.98322e-16 -9.90000e+01
10270.100 2.80307e-16 -9.90000e+01
10272.700 3.26400e-16 -9.90000e+01
10275.200 2.60706e-16 -9.90000e+01
10277.700 1.68479e-16 -9.90000e+01
10280.200 2.62468e-16 -9.90000e+01
10282.800 4.11874e-16 -9.90000e+01
10285.300 3.91714e-16 -9.90000e+01
10287.800 2.33082e-16 -9.90000e+01
10290.400 4.83893e-17 -9.90000e+01
10292.900 3.30144e-16 -9.90000e+01
10295.400 4.40872e-16 -9.90000e+01
10298.000 2.87999e-16 -9.90000e+01
10300.500 2.23190e-16 -9.90000e+01
10303.000 1.90112e-16 -9.90000e+01
10305.500 2.66454e-16 -9.90000e+01
10308.100 2.40249e-16 -9.90000e+01
10310.600 9.34858e-17 -9.90000e+01
10313.100 8.35558e-17 -9.90000e+01
10315.700 2.25299e-16 -9.90000e+01
10318.200 1.43842e-16 -9.90000e+01
10320.700 1.74455e-16 -9.90000e+01
10323.300 3.19926e-16 -9.90000e+01
10325.800 2.96509e-16 -9.90000e+01
10328.300 2.26616e-16 -9.90000e+01
10330.800 2.53227e-16 -9.90000e+01
10333.400 3.96090e-16 -9.90000e+01
10335.900 3.78468e-16 -9.90000e+01
10338.400 2.76214e-16 -9.90000e+01
10341.000 2.62906e-16 -9.90000e+01
10343.500 2.10972e-16 -9.90000e+01
10346.000 2.98018e-16 -9.90000e+01
10348.600 2.57417e-16 -9.90000e+01
10351.100 3.36348e-16 -9.90000e+01
10353.600 4.19307e-16 -9.90000e+01
10356.200 3.17444e-16 -9.90000e+01
10358.700 3.04026e-16 -9.90000e+01
10361.200 3.14117e-16 -9.90000e+01
10363.700 3.36383e-16 -9.90000e+01
10366.300 3.08778e-16 -9.90000e+01
10368.800 2.27108e-16 -9.90000e+01
10371.300 9.94410e-17 -9.90000e+01
10373.900 2.85408e-17 -9.90000e+01
10376.400 1.93590e-16 -9.90000e+01
10378.900 4.00798e-16 -9.90000e+01
10381.400 2.57666e-16 -9.90000e+01
10384.000 1.98731e-16 -9.90000e+01
10386.500 3.37670e-16 -9.90000e+01
10389.000 4.54942e-16 -9.90000e+01
10391.600 3.06682e-16 -9.90000e+01
10394.100 5.58636e-17 -9.90000e+01
10396.600 7.08002e-17 -9.90000e+01
10399.200 1.87771e-16 -9.90000e+01
10401.700 1.58643e-16 -9.90000e+01
10404.200 1.23246e-16 -9.90000e+01
10406.800 1.12485e-16 -9.90000e+01
10409.300 1.24650e-16 -9.90000e+01
10411.800 3.60887e-17 -9.90000e+01
10414.300 7.93302e-17 -9.90000e+01
10416.900 3.70195e-16 -9.90000e+01
10419.400 5.01795e-16 -9.90000e+01
10421.900 3.38637e-16 -9.90000e+01
10424.500 2.12123e-16 -9.90000e+01
10427.000 1.85945e-16 -9.90000e+01
10429.500 2.74836e-16 -9.90000e+01
10432.000 4.50404e-16 -9.90000e+01
10434.600 4.62340e-16 -9.90000e+01
10437.100 2.37246e-16 -9.90000e+01
10439.600 1.16883e-16 -9.90000e+01
10442.200 2.97201e-16 -9.90000e+01
10444.700 2.96482e-16 -9.90000e+01
10447.200 2.16436e-16 -9.90000e+01
10449.800 3.24095e-16 -9.90000e+01
10452.300 3.89808e-16 -9.90000e+01
10454.800 3.74344e-16 -9.90000e+01
10457.300 3.25383e-16 -9.90000e+01
10459.900 2.35915e-16 -9.90000e+01
10462.400 1.89291e-16 -9.90000e+01
10464.900 3.53173e-16 -9.90000e+01
10467.500 4.36427e-16 -9.90000e+01
10470.000 4.36784e-16 -9.90000e+01
