4675.41 1.08183
4676.66 1.10208
4677.9 1.12128
4679.14 1.12274
4680.39 1.11174
4681.63 1.12244
4682.87 1.15127
4684.12 1.10403
4685.36 1.14538
4686.6 1.15201
4687.85 1.12588
4689.09 1.08484
4690.34 1.12105
4691.58 1.12057
4692.82 1.15236
4694.07 1.16401
4695.31 1.10221
4696.55 1.10505
4697.8 1.11211
4699.04 1.08148
4700.28 1.06927
4701.53 1.07061
4702.77 1.05404
4704.01 1.08568
4705.26 1.08187
4706.5 1.11051
4707.75 1.09906
4708.99 1.10235
4710.23 1.10753
4711.48 1.10242
4712.72 1.07864
4713.96 1.09966
4715.21 1.12523
4716.45 1.13845
4717.69 1.13903
4718.94 1.16561
4720.18 1.17546
4721.42 1.15276
4722.67 1.14647
4723.91 1.16408
4725.15 1.17421
4726.4 1.1289
4727.64 1.13163
4728.89 1.09406
4730.13 1.07048
4731.37 1.09832
4732.62 1.12039
4733.86 1.14752
4735.1 1.11448
4736.35 1.09828
4737.59 1.11485
4738.83 1.15505
4740.08 1.14657
4741.32 1.15277
4742.56 1.14859
4743.81 1.15087
4745.05 1.17233
4746.29 1.14539
4747.54 1.11092
4748.78 1.15799
4750.03 1.15998
4751.27 1.09749
4752.51 1.09765
4753.76 1.12521
4755.0 1.10431
4756.24 1.10709
4757.49 1.11077
4758.73 1.11239
4759.97 1.11275
4761.22 1.1104
4762.46 1.07166
4763.7 1.06029
4764.95 1.06507
4766.19 1.041
4767.43 1.08413
4768.68 1.0998
4769.92 1.12777
4771.17 1.10074
4772.41 1.14775
4773.65 1.14362
4774.9 1.16644
4776.14 1.13075
4777.38 1.1725
4778.63 1.14245
4779.87 1.13769
4781.11 1.10173
4782.36 1.10842
4783.6 1.10763
4784.84 1.09299
4786.09 1.10209
4787.33 1.14331
4788.57 1.12281
4789.82 1.10692
4791.06 1.08688
4792.31 1.12826
4793.55 1.13251
4794.79 1.17717
4796.04 1.17551
4797.28 1.13089
4798.52 1.11947
4799.77 1.12076
4801.01 1.12461
4802.25 1.13818
4803.5 1.12706
4804.74 1.11782
4805.98 1.12517
4807.23 1.12121
4808.47 1.13513
4809.71 1.1084
4810.96 1.11477
4812.2 1.13405
4813.45 1.11031
4814.69 1.13649
4815.93 1.15034
4817.18 1.13866
4818.42 1.12097
4819.66 1.14872
4820.91 1.1143
4822.15 1.07638
4823.39 1.07051
4824.64 1.10641
4825.88 1.11523
4827.12 1.11148
4828.37 1.10938
4829.61 1.08612
4830.85 1.08133
4832.1 1.10286
4833.34 1.1043
4834.59 1.10561
4835.83 1.09539
4837.07 1.07943
4838.32 1.08766
4839.56 1.05204
4840.8 1.09865
4842.05 1.0478
4843.29 1.0671
4844.53 1.06267
4845.78 1.06243
4847.02 1.05618
4848.26 1.04031
4849.51 1.03462
4850.75 1.03638
4852.0 1.02702
4853.24 1.0126
4854.48 0.9536
4855.73 0.93228
4856.97 0.9511
4858.21 1.12893
4859.46 1.63218
4860.7 1.8683
4861.94 1.45853
4863.19 1.01934
4864.43 0.93276
4865.67 0.95151
4866.92 0.94956
4868.16 0.98441
4869.4 0.97905
4870.65 0.97494
4871.89 0.97293
4873.14 0.9993
4874.38 0.99973
4875.62 1.0255
4876.87 1.04525
4878.11 1.02884
4879.35 1.0767
4880.6 1.05762
4881.84 1.04287
4883.08 1.06615
4884.33 1.04029
4885.57 1.01369
4886.81 1.0538
4888.06 1.0425
4889.3 1.02464
4890.54 1.02094
4891.79 1.04384
4893.03 1.09078
4894.28 1.12117
4895.52 1.09831
4896.76 1.13061
4898.01 1.14338
4899.25 1.08718
4900.49 1.09718
4901.74 1.08502
4902.98 1.08114
4904.22 1.12444
4905.47 1.13632
4906.71 1.09257
4907.95 1.06662
4909.2 1.04572
4910.44 1.03834
4911.68 1.01582
4912.93 1.06226
4914.17 1.13532
4915.42 1.12934
4916.66 1.06971
4917.9 1.00977
4919.15 0.9637
4920.39 0.94713
4921.63 0.97586
4922.88 0.99079
4924.12 1.01836
4925.36 1.07916
4926.61 1.11492
4927.85 1.11317
4929.09 1.10597
4930.34 1.11285
4931.58 1.10915
4932.82 1.05967
4934.07 1.05467
4935.31 1.06264
4936.56 1.04651
4937.8 1.01676
4939.04 1.02766
4940.29 1.06579
4941.53 1.05882
4942.77 1.11573
4944.02 1.11556
4945.26 1.11349
4946.5 1.10201
4947.75 1.12516
4948.99 1.1122
4950.23 1.14597
4951.48 1.11365
4952.72 1.10976
4953.96 1.10323
4955.21 1.08209
4956.45 1.0818
4957.7 1.10143
4958.94 1.12359
4960.18 1.14073
4961.43 1.16765
4962.67 1.11583
4963.91 1.07398
4965.16 1.04572
4966.4 1.08043
4967.64 1.10749
4968.89 1.07151
4970.13 1.07819
4971.37 1.0847
4972.62 1.10504
4973.86 1.09132
4975.1 1.10932
4976.35 1.08225
4977.59 1.06827
4978.84 1.04237
4980.08 1.02698
4981.32 0.99236
4982.57 1.00806
4983.81 1.01216
4985.05 1.01379
4986.3 1.0637
4987.54 1.06592
4988.78 1.06883
4990.03 1.03008
4991.27 1.05698
4992.51 1.0619
4993.76 1.06798
4995.0 1.0758
4996.25 1.07007
4997.49 1.05442
4998.73 1.01597
4999.98 1.01765
5001.22 1.0367
5002.46 1.06066
5003.71 1.09668
5004.95 1.15127
5006.19 1.18073
5007.44 1.16129
5008.68 1.11315
5009.92 1.08364
5011.17 1.02776
5012.41 0.98972
5013.65 0.98304
5014.9 0.94672
5016.14 0.97907
5017.38 0.97669
5018.63 0.99102
5019.87 1.00036
5021.12 1.01957
5022.36 1.00824
5023.6 1.04093
5024.85 1.0586
5026.09 1.02077
5027.33 1.03799
5028.58 1.03148
5029.82 1.0065
5031.06 1.04784
5032.31 1.06946
5033.55 1.07847
5034.79 1.01931
5036.04 1.04687
5037.28 0.99232
5038.52 0.97281
5039.77 0.97284
5041.01 0.95353
5042.26 0.99244
5043.5 1.04951
5044.74 1.06511
5045.99 1.04168
5047.23 1.04094
5048.47 1.0098
5049.72 1.01476
5050.96 1.04265
5052.2 1.03461
5053.45 1.05885
5054.69 1.06195
5055.93 1.06821
5057.18 1.08884
5058.42 1.10181
5059.67 1.11366
5060.91 1.09848
5062.15 1.07743
5063.4 1.04764
5064.64 1.03158
5065.88 1.01105
5067.13 1.02376
5068.37 1.01513
5069.61 1.0246
5070.86 1.00904
5072.1 0.99323
5073.34 1.00727
5074.59 1.06469
5075.83 1.07907
5077.07 1.02727
5078.32 0.98622
5079.56 0.98387
5080.81 0.96767
5082.05 0.97325
5083.29 1.00695
5084.54 1.02739
5085.78 1.00847
5087.02 1.06322
5088.27 1.07667
5089.51 1.04864
5090.75 1.06485
5092.0 1.08916
5093.24 1.07509
5094.48 1.04982
5095.73 1.03275
5096.97 1.00015
5098.21 0.9929
5099.46 0.97144
5100.7 1.01995
5101.95 1.02794
5103.19 1.09717
5104.43 1.03695
5105.68 1.01072
5106.92 1.0246
5108.16 1.01523
5109.41 1.01344
5110.65 0.9995
5111.89 1.02597
5113.14 1.02592
5114.38 1.01867
5115.62 1.0544
5116.87 1.0794
5118.11 1.08092
5119.35 1.06848
5120.6 1.0406
5121.84 1.0339
5123.09 0.97967
5124.33 0.96454
5125.57 0.98255
5126.82 0.98747
5128.06 0.96349
5129.3 0.98191
5130.55 1.01921
5131.79 1.03004
5133.03 1.0339
5134.28 1.02375
5135.52 1.00355
5136.76 1.00718
5138.01 0.97564
5139.25 0.99317
5140.49 0.99862
5141.74 0.99273
5142.98 0.98247
5144.23 0.98474
5145.47 0.98396
5146.71 0.96697
5147.96 0.97372
5149.2 0.96193
5150.44 0.95977
5151.69 0.97716
5152.93 0.97245
5154.17 0.98791
5155.42 1.00383
5156.66 1.02137
5157.9 1.04004
5159.15 1.0028
5160.39 1.03525
5161.63 0.98642
5162.88 0.96999
5164.12 0.93631
5165.37 0.87229
5166.61 0.85303
5167.85 0.83186
5169.1 0.86695
5170.34 0.85283
5171.58 0.83938
5172.83 0.86299
5174.07 0.88915
5175.31 0.94959
5176.56 1.00882
5177.8 1.01551
5179.04 0.96043
5180.29 0.92854
5181.53 0.89039
5182.77 0.85451
5184.02 0.87344
5185.26 0.89295
5186.51 0.95828
5187.75 0.9881
5188.99 0.99594
5190.24 0.98493
5191.48 0.95372
5192.72 0.95371
5193.97 0.9802
5195.21 0.99156
5196.45 1.00759
5197.7 1.07148
5198.94 1.09514
5200.18 1.09278
5201.43 1.05217
5202.67 0.99636
5203.92 0.96623
5205.16 0.91919
5206.4 0.91136
5207.65 0.9415
5208.89 0.9365
5210.13 0.97564
5211.38 0.99587
5212.62 1.0154
5213.86 1.01213
5215.11 0.98004
5216.35 0.98434
5217.59 1.01405
5218.84 1.02918
5220.08 1.03343
5221.32 1.01982
5222.57 1.00963
5223.81 0.98356
5225.06 0.93765
5226.3 0.92474
5227.54 0.96163
5228.79 0.98841
5230.03 0.99727
5231.27 1.00589
5232.52 0.98615
5233.76 0.97604
5235.0 1.00514
5236.25 1.00235
5237.49 1.0202
5238.73 1.03672
5239.98 1.03403
5241.22 1.04061
5242.46 1.04847
5243.71 1.04012
5244.95 1.02338
5246.2 1.02119
5247.44 1.01946
5248.68 0.9825
5249.93 0.9733
5251.17 0.99108
5252.41 1.01563
5253.66 1.01293
5254.9 1.03305
5256.14 1.03484
5257.39 1.03543
5258.63 1.03876
5259.87 1.03734
5261.12 0.99025
5262.36 0.9607
5263.6 0.91029
5264.85 0.91657
5266.09 0.92505
5267.33 0.90279
5268.58 0.91277
5269.82 0.89982
5271.07 0.9314
5272.31 0.95976
5273.55 0.98116
5274.8 0.98917
5276.04 1.00756
5277.28 1.03709
5278.53 1.05962
5279.77 1.02219
5281.01 0.99354
5282.26 0.98958
5283.5 0.99725
5284.74 1.03079
5285.99 1.0529
5287.23 1.08226
5288.48 1.09198
5289.72 1.09146
5290.96 1.0787
5292.21 1.06776
5293.45 1.06795
5294.69 1.05589
5295.94 1.03891
5297.18 0.98376
5298.42 1.01312
5299.67 1.01387
5300.91 1.00485
5302.15 1.02093
5303.4 1.04189
5304.64 1.05923
5305.88 1.0554
5307.13 1.06664
5308.37 1.0611
5309.62 1.09033
5310.86 1.0795
5312.1 1.08554
5313.35 1.06302
5314.59 1.06515
5315.83 1.05604
5317.08 1.02442
5318.32 1.06215
5319.56 1.06956
5320.81 1.06322
5322.05 1.04589
5323.29 1.03305
5324.54 1.01436
5325.78 0.97317
5327.02 0.94443
5328.27 0.94722
5329.51 0.9811
5330.76 1.00713
5332.0 1.03066
5333.24 1.01407
5334.49 1.02911
5335.73 1.04798
5336.97 1.05689
5338.22 1.02511
5339.46 1.00936
5340.7 1.02828
5341.95 1.0261
5343.19 1.00762
5344.43 1.01371
5345.68 1.04789
5346.92 1.01379
5348.17 1.00774
5349.41 1.04324
5350.65 1.04264
5351.9 1.0682
5353.14 1.09582
5354.38 1.10466
5355.63 1.09982
5356.87 1.09627
5358.11 1.09215
5359.36 1.07802
5360.6 1.05598
5361.84 1.05023
5363.09 1.05795
5364.33 1.05319
5365.57 1.03587
5366.82 1.02771
5368.06 0.98302
5369.31 0.95917
5370.55 0.96636
5371.79 0.98787
5373.04 1.04122
5374.28 1.07323
5375.52 1.09511
5376.77 1.06382
5378.01 1.06417
5379.25 1.05488
5380.5 1.0536
5381.74 1.03947
5382.98 1.04226
5384.23 1.06085
5385.47 1.05791
5386.71 1.05
5387.96 1.03463
5389.2 1.03375
5390.45 1.00219
5391.69 0.96735
5392.93 0.97898
5394.18 1.00625
5395.42 0.98715
5396.66 0.97995
5397.91 0.98663
5399.15 0.99115
5400.39 0.99858
5401.64 1.00678
5402.88 1.0708
5404.12 0.95295
5405.37 0.94014
5406.61 0.97256
5407.85 0.9692
5409.1 0.99683
5410.34 0.99628
5411.58 1.03306
5412.83 1.01074
5414.07 1.017
5415.32 1.05049
5416.56 1.07848
5417.8 1.03262
5419.05 1.01303
5420.29 1.02281
5421.53 0.99152
5422.78 1.01249
5424.02 1.03773
5425.26 1.0135
5426.51 1.01505
5427.75 1.01837
5428.99 0.98255
5430.24 1.0007
5431.48 0.99401
5432.73 1.003
5433.97 0.98791
5435.21 0.99448
5436.46 1.01809
5437.7 1.06005
5438.94 1.07362
5440.19 1.0721
5441.43 1.08592
5442.67 1.06877
5443.92 1.01617
5445.16 0.97855
5446.4 0.97803
5447.65 1.00755
5448.89 1.04215
5450.13 1.04501
5451.38 1.01904
5452.62 0.98294
5453.87 0.99384
5455.11 0.98846
5456.35 1.01183
5457.6 1.01985
5458.84 1.04175
5460.08 1.05553
5461.33 1.00878
5462.57 1.00559
5463.81 1.02061
5465.06 1.02475
5466.3 1.0337
5467.54 1.01726
5468.79 1.04047
5470.03 1.03304
5471.27 1.02621
5472.52 1.01544
5473.76 0.98821
5475.01 1.00037
5476.25 0.97737
5477.49 0.98631
5478.74 0.98195
5479.98 0.96278
5481.22 1.01083
5482.47 0.97773
5483.71 1.03015
5484.95 1.04586
5486.2 1.01311
5487.44 0.9862
5488.68 1.01655
5489.93 1.0046
5491.17 1.01191
5492.42 0.99224
5493.66 1.02019
5494.9 1.00439
5496.15 0.99589
5497.39 1.03649
5498.63 1.04231
5499.88 0.99783
5501.12 1.0049
5502.36 0.99409
5503.61 1.01063
5504.85 0.98019
5506.09 0.98913
5507.34 0.99229
5508.58 1.03884
5509.82 1.01275
5511.07 1.00755
5512.31 1.0078
5513.55 0.98763
5514.8 1.00724
5516.04 1.01768
5517.29 1.00538
5518.53 1.04871
5519.77 1.0276
5521.02 1.04239
5522.26 1.02128
5523.5 1.02065
5524.75 1.01057
5525.99 0.99203
5527.23 0.96013
5528.48 0.96826
5529.72 1.00661
5530.96 1.03449
5532.21 1.02498
5533.45 1.03107
5534.69 1.03467
5535.94 1.00095
5537.18 1.01181
5538.43 1.02047
5539.67 1.03383
5540.91 1.02256
5542.16 1.01671
5543.4 1.00968
5544.64 1.02667
5545.89 1.01693
5547.13 1.03821
5548.37 1.10234
5549.62 1.03136
5550.86 1.03296
5552.1 1.04088
5553.35 1.01683
5554.59 1.01878
5555.83 1.02815
5557.08 1.02984
5558.32 1.02924
5559.57 1.03761
5560.81 1.01495
5562.05 1.01423
5563.3 1.01308
5564.54 1.00767
5565.78 1.01886
5567.03 0.99705
5568.27 0.98608
5569.51 1.01121
5570.76 1.00066
5572.0 1.01949
5573.24 1.00422
5574.49 1.00812
5575.73 1.01088
5576.98 1.01997
5578.22 1.0035
5579.46 1.03464
5580.71 1.02489
5581.95 1.02339
5583.19 1.02489
5584.44 1.00603
5585.68 0.97404
5586.92 0.94163
5588.17 0.95512
5589.41 0.94572
5590.65 0.96829
5591.9 0.98308
5593.14 0.97178
5594.38 0.99999
5595.63 1.01639
5596.87 0.96206
5598.12 0.99091
5599.36 0.9774
5600.6 0.98351
5601.85 0.99277
5603.09 0.97712
5604.33 1.01558
5605.58 1.04513
5606.82 1.03541
5608.06 1.05309
5609.31 1.05679
5610.55 1.04751
5611.79 1.04146
5613.04 1.0118
5614.28 0.98688
5615.52 0.97334
5616.77 0.98331
5618.01 1.00003
5619.26 0.99273
5620.5 1.01058
5621.74 0.99757
5622.99 0.99094
5624.23 0.97043
5625.47 0.99929
5626.72 1.00629
5627.96 0.99007
5629.2 1.01131
5630.45 1.03023
5631.69 1.0344
5632.93 1.02053
5634.18 0.99813
5635.42 1.00001
5636.66 1.00291
5637.91 0.98531
5639.15 0.99259
5640.4 0.98646
5641.64 0.99604
5642.88 0.99834
5644.13 1.00703
5645.37 1.01256
5646.61 1.02242
5647.86 1.02799
5649.1 1.01859
5650.34 1.03016
5651.59 1.02828
5652.83 1.02023
5654.07 1.01642
5655.32 0.98021
5656.56 0.96731
5657.8 0.95491
5659.05 0.99448
5660.29 0.98559
5661.54 0.96096
5662.78 0.98612
5664.02 0.97216
5665.27 0.99892
5666.51 0.99597
5667.75 0.99684
5669.0 1.03469
5670.24 1.0321
5671.48 1.03883
5672.73 1.03541
5673.97 1.03639
5675.21 1.02815
5676.46 1.03289
5677.7 1.03413
5678.94 1.00552
5680.19 1.01058
5681.43 0.9996
5682.68 0.9976
5683.92 1.00387
5685.16 1.01022
5686.41 0.99622
5687.65 0.98285
5688.89 0.99748
5690.14 1.04026
5691.38 1.05146
5692.62 1.0585
5693.87 1.03901
5695.11 1.04748
5696.35 1.05027
5697.6 1.03123
5698.84 1.00131
5700.08 0.98021
5701.33 1.01539
5702.57 1.00555
5703.82 1.00431
5705.06 0.99747
5706.3 0.99441
5707.55 0.96819
5708.79 0.97075
5710.03 0.97051
5711.28 0.98233
5712.52 0.99384
5713.76 1.0227
5715.01 1.02615
5716.25 1.02737
5717.49 1.03053
5718.74 1.01507
5719.98 1.03868
5721.23 1.04202
5722.47 1.05183
5723.71 1.05902
5724.96 1.04045
5726.2 1.03459
5727.44 1.05361
5728.69 1.04365
5729.93 1.02578
5731.17 1.02268
5732.42 1.02069
5733.66 1.0464
5734.9 1.05724
5736.15 1.05426
5737.39 1.03267
5738.63 1.01684
5739.88 1.00375
5741.12 1.0318
5742.37 1.02653
5743.61 1.03701
5744.85 1.03852
5746.1 1.03296
5747.34 1.0237
5748.58 1.02266
5749.83 1.0263
5751.07 1.01574
5752.31 0.99521
5753.56 1.01641
5754.8 1.02437
5756.04 1.04319
5757.29 1.04915
5758.53 1.06552
5759.77 1.02008
5761.02 0.99438
5762.26 0.99594
5763.5 1.02058
5764.75 1.03423
5765.99 1.04962
5767.24 1.06127
5768.48 1.07066
5769.72 1.03318
5770.97 1.02576
5772.21 1.03615
5773.45 1.01674
5774.7 0.97278
5775.94 0.0
5777.18 0.0
5778.43 0.0
5779.67 0.0
5780.91 0.0
5782.16 0.0
5783.4 0.0
5784.65 0.0
5785.89 0.0
5787.13 0.0
5788.38 0.0
5789.62 0.0
5790.86 0.0
5792.11 0.0
5793.35 0.0
5794.59 0.0
5795.84 0.0
5797.08 0.0
5798.32 0.0
5799.57 0.0
5800.81 0.0
5802.05 0.0
5803.3 0.0
5804.54 0.0
5805.79 0.0
5807.03 0.0
5808.27 0.0
5809.52 0.0
5810.76 0.0
5812.0 0.0
5813.25 0.0
5814.49 0.0
5815.73 0.0
5816.98 0.0
5818.22 0.0
5819.46 0.0
5820.71 0.0
5821.95 0.0
5823.19 0.0
5824.44 0.0
5825.68 0.0
5826.93 0.0
5828.17 0.0
5829.41 0.0
5830.66 0.0
5831.9 0.0
5833.14 0.0
5834.39 0.0
5835.63 0.0
5836.87 0.0
5838.12 0.0
5839.36 0.0
5840.6 0.0
5841.85 0.0
5843.09 0.0
5844.33 0.0
5845.58 0.0
5846.82 0.0
5848.07 0.0
5849.31 0.0
5850.55 0.0
5851.8 0.0
5853.04 0.0
5854.28 0.0
5855.53 0.0
5856.77 0.0
5858.01 0.0
5859.26 0.0
5860.5 0.0
5861.74 0.0
5862.99 0.0
5864.23 0.0
5865.47 0.0
5866.72 0.0
5867.96 0.0
5869.21 0.0
5870.45 0.0
5871.69 0.0
5872.94 0.0
5874.18 0.0
5875.42 0.0
5876.67 0.0
5877.91 0.0
5879.15 0.0
5880.4 0.0
5881.64 0.0
5882.88 0.0
5884.13 0.0
5885.37 0.0
5886.62 0.0
5887.86 0.0
5889.1 0.0
5890.35 0.0
5891.59 0.0
5892.83 0.0
5894.08 0.0
5895.32 0.0
5896.56 0.0
5897.81 0.0
5899.05 0.0
5900.29 0.0
5901.54 0.0
5902.78 0.0
5904.02 0.0
5905.27 0.0
5906.51 0.0
5907.75 0.0
5909.0 0.0
5910.24 0.0
5911.49 0.0
5912.73 0.0
5913.97 0.0
5915.22 0.0
5916.46 0.0
5917.7 0.0
5918.95 0.0
5920.19 0.0
5921.43 0.0
5922.68 0.0
5923.92 0.0
5925.16 0.0
5926.41 0.0
5927.65 0.0
5928.9 0.0
5930.14 0.0
5931.38 0.0
5932.63 0.00042
5933.87 1.05735
5935.11 0.9959
5936.36 0.99926
5937.6 1.00778
5938.84 1.01134
5940.09 1.0064
5941.33 1.02013
5942.57 0.99811
5943.82 1.00451
5945.06 1.00984
5946.3 0.99943
5947.55 1.01156
5948.79 1.00586
5950.04 0.98992
5951.28 0.98441
5952.52 0.97971
5953.77 0.99391
5955.01 1.00446
5956.25 0.97301
5957.5 0.96781
5958.74 0.99498
5959.98 0.99207
5961.23 0.99377
5962.47 1.00168
5963.71 1.01804
5964.96 1.03135
5966.2 1.03126
5967.44 1.01892
5968.69 1.00802
5969.93 1.02512
5971.18 1.0335
5972.42 1.01908
5973.66 1.0206
5974.91 0.98987
5976.15 0.99118
5977.39 0.98823
5978.64 1.00599
5979.88 0.99395
5981.12 0.97689
5982.37 0.97537
5983.61 0.97124
5984.85 0.98095
5986.1 0.97869
5987.34 0.99611
5988.58 0.98654
5989.83 1.00012
5991.07 1.01455
5992.32 1.01172
5993.56 1.00703
5994.8 1.01051
5996.05 0.99217
5997.29 0.99652
5998.53 1.00198
5999.78 0.98174
6001.02 0.9901
6002.26 0.99077
6003.51 0.96818
6004.75 0.9918
6005.99 0.98011
6007.24 0.96107
6008.48 0.97849
6009.72 0.98023
6010.97 0.98092
6012.21 0.95642
6013.46 0.95637
6014.7 0.96813
6015.94 0.97114
6017.19 0.9853
6018.43 0.97436
6019.67 0.98218
6020.92 0.97269
6022.16 0.97002
6023.4 1.00502
6024.65 0.99708
6025.89 1.00098
6027.13 0.99309
6028.38 1.0008
6029.62 1.01336
6030.86 1.00695
6032.11 0.99925
6033.35 1.0281
6034.6 1.02414
6035.84 1.0245
6037.08 1.01492
6038.33 1.00892
6039.57 1.03179
6040.81 1.00775
6042.06 1.03058
6043.3 1.01956
6044.54 1.02761
6045.79 1.01407
6047.03 1.03067
6048.27 1.01077
6049.52 1.01406
6050.76 1.01637
6052.0 1.00801
6053.25 1.02743
6054.49 1.02545
6055.74 0.98552
6056.98 1.00136
6058.22 1.01138
6059.47 1.03214
6060.71 1.01272
6061.95 1.03484
6063.2 1.00202
6064.44 0.96667
6065.68 0.98854
6066.93 1.00532
6068.17 1.04494
6069.41 1.04037
6070.66 1.03816
6071.9 1.00051
6073.15 1.0361
6074.39 1.03016
6075.63 1.02354
6076.88 1.00685
6078.12 1.0025
6079.36 0.99063
6080.61 1.00161
6081.85 1.01904
6083.09 0.9816
6084.34 0.98119
6085.58 0.96611
6086.82 0.99265
6088.07 0.99749
6089.31 0.99104
6090.55 0.99514
6091.8 0.97532
6093.04 0.99935
6094.29 1.00961
6095.53 1.03157
6096.77 1.02029
6098.02 1.00324
6099.26 0.98881
6100.5 0.96536
6101.75 0.9578
6102.99 0.96813
6104.23 0.9447
6105.48 0.97954
6106.72 0.97696
6107.96 0.99899
6109.21 0.98817
6110.45 1.0129
6111.69 1.00645
6112.94 1.03177
6114.18 0.9977
6115.43 1.00683
6116.67 0.99512
6117.91 0.98878
6119.16 0.95663
6120.4 0.96701
6121.64 0.97171
6122.89 0.97193
6124.13 0.98198
6125.37 0.9715
6126.62 0.99033
6127.86 0.97653
6129.1 0.9784
6130.35 0.99506
6131.59 0.98214
6132.83 0.99415
6134.08 0.96065
6135.32 0.93548
6136.57 0.92668
6137.81 0.9385
6139.05 0.98547
6140.3 0.96505
6141.54 0.98793
6142.78 0.9915
6144.03 0.99415
6145.27 1.00073
6146.51 0.99102
6147.76 0.97275
6149.0 0.96924
6150.24 0.95879
6151.49 0.97072
6152.73 0.96653
6153.97 0.96754
6155.22 0.95971
6156.46 0.94554
6157.71 0.93279
6158.95 0.93582
6160.19 0.89912
6161.44 0.8936
6162.68 0.90575
6163.92 0.91774
6165.17 0.93514
6166.41 0.93086
6167.65 0.92715
6168.9 0.92608
6170.14 0.92988
6171.38 0.93552
6172.63 0.9484
6173.87 0.94592
6175.11 0.95927
6176.36 0.93744
6177.6 0.96166
6178.85 0.97294
6180.09 0.95352
6181.33 0.97495
6182.58 0.96291
6183.82 0.97323
6185.06 0.96041
6186.31 0.93371
6187.55 0.92772
6188.79 0.92684
6190.04 0.9034
6191.28 0.91223
6192.52 0.91179
6193.77 0.94786
6195.01 0.95237
6196.25 0.96824
6197.5 0.94801
6198.74 0.95289
6199.99 0.96326
6201.23 0.96507
6202.47 0.95999
6203.72 0.97324
6204.96 0.97279
6206.2 0.979
6207.45 0.97559
6208.69 0.97163
6209.93 0.95645
6211.18 0.96627
6212.42 0.91077
6213.66 0.91674
6214.91 0.92147
6216.15 0.91744
6217.4 0.90621
6218.64 0.92965
6219.88 0.92711
6221.13 0.93809
6222.37 0.95113
6223.61 0.91968
6224.86 0.91323
6226.1 0.9348
6227.34 0.91228
6228.59 0.90865
6229.83 0.90129
6231.07 0.90282
6232.32 0.91863
6233.56 0.92667
6234.8 0.94793
6236.05 0.94397
6237.29 0.91677
6238.54 0.91099
6239.78 0.89827
6241.02 0.891
6242.27 0.90239
6243.51 0.87756
6244.75 0.88002
6246.0 0.8932
6247.24 0.9005
6248.48 0.91794
6249.73 0.93963
6250.97 0.92025
6252.21 0.89427
6253.46 0.9119
6254.7 0.91238
6255.94 0.88317
6257.19 0.89375
6258.43 0.89419
6259.67 0.90253
6260.92 0.92599
6262.16 0.93142
6263.41 0.93217
6264.65 0.94493
6265.89 0.92489
6267.14 0.9497
6268.38 0.9362
6269.62 0.93726
6270.87 0.93944
6272.11 0.95312
6273.35 0.93592
6274.6 0.95241
6275.84 0.94822
6277.08 0.94681
6278.33 0.93183
6279.57 0.95022
6280.81 0.92834
6282.06 0.92987
6283.3 0.93888
6284.55 0.93266
6285.79 0.9576
6287.03 0.95445
6288.28 0.98594
6289.52 0.95324
6290.76 0.94123
6292.01 0.92533
6293.25 0.94507
6294.49 0.94774
6295.74 0.9463
6296.98 0.95137
6298.22 0.9572
6299.47 0.99325
6300.71 0.99711
6301.96 0.98641
6303.2 0.93419
6304.44 0.93104
6305.69 0.97214
6306.93 0.9753
6308.17 0.96815
6309.42 0.95843
6310.66 0.94098
6311.9 0.93711
6313.15 0.93503
6314.39 0.91538
6315.63 0.9275
6316.88 0.89497
6318.12 0.90899
6319.36 0.92427
6320.61 0.92965
6321.85 0.94547
6323.1 0.97967
6324.34 0.93868
6325.58 0.96923
6326.83 0.96681
6328.07 0.96608
6329.31 0.93737
6330.56 0.95484
6331.8 0.97555
6333.04 0.94616
6334.29 0.93839
6335.53 0.93588
6336.77 0.95473
6338.02 0.95099
6339.26 0.93438
6340.5 0.94281
6341.75 0.92982
6342.99 0.90771
6344.24 0.91283
6345.48 0.93596
6346.72 0.92881
6347.97 0.96097
6349.21 0.94494
6350.45 0.97303
6351.7 0.96923
6352.94 0.96754
6354.18 0.94304
6355.43 0.91937
6356.67 0.94139
6357.91 0.94015
6359.16 0.90809
6360.4 0.89889
6361.64 0.90035
6362.89 0.91419
6364.13 0.93867
6365.38 0.95495
6366.62 0.95895
6367.86 0.95626
6369.11 0.94231
6370.35 0.96359
6371.59 0.97996
6372.84 0.96951
6374.08 0.95847
6375.32 0.96356
6376.57 0.96451
6377.81 0.981
6379.05 0.96792
6380.3 0.94687
6381.54 0.95874
6382.79 0.96145
6384.03 0.96289
6385.27 0.96259
6386.52 0.96021
6387.76 0.95654
6389.0 0.96397
6390.25 0.95514
6391.49 0.93118
6392.73 0.93611
6393.98 0.92488
6395.22 0.94566
6396.46 0.95831
6397.71 0.94467
6398.95 0.95002
6400.19 0.92236
6401.44 0.92826
6402.68 0.96476
6403.92 0.97693
6405.17 0.95624
6406.41 0.94733
6407.66 0.95879
6408.9 0.94622
6410.14 0.95331
6411.39 0.95062
6412.63 0.92168
6413.87 0.9544
6415.12 0.9618
6416.36 0.95077
6417.6 0.9479
6418.85 0.93392
6420.09 0.95446
6421.33 0.96005
6422.58 0.94483
6423.82 0.96042
6425.06 0.99086
6426.31 0.98609
6427.55 0.9803
6428.8 0.96072
6430.04 0.9345
6431.28 0.93587
6432.53 0.93685
6433.77 0.97292
6435.01 0.96067
6436.26 0.94833
6437.5 0.95453
6438.74 0.9327
6439.99 0.97024
6441.23 0.98243
6442.47 0.95722
6443.72 0.97142
6444.96 0.98566
6446.21 0.96686
6447.45 0.93049
6448.69 0.93415
6449.94 0.91697
6451.18 0.91371
6452.42 0.93154
6453.67 0.9446
6454.91 0.94173
6456.15 0.94436
6457.4 0.97005
6458.64 0.99402
6459.88 0.95623
6461.13 0.95885
6462.37 0.93283
6463.61 0.96853
6464.86 0.96398
6466.1 0.97136
6467.35 0.99462
6468.59 0.96193
6469.83 0.9743
6471.08 0.97956
6472.32 0.97075
6473.56 0.9653
6474.81 0.98361
6476.05 0.9761
6477.29 0.95739
6478.54 0.96005
6479.78 0.94541
6481.02 0.93675
6482.27 0.93982
6483.51 0.94369
6484.75 0.96284
6486.0 0.97775
6487.24 0.95546
6488.49 0.97762
6489.73 0.93693
6490.97 0.91956
6492.22 0.91292
6493.46 0.86472
6494.7 0.87365
6495.95 0.85794
6497.19 0.8731
6498.43 0.91182
6499.68 0.89459
6500.92 0.94391
6502.16 0.96075
6503.41 0.94477
6504.65 0.9755
6505.89 0.95671
6507.14 0.95731
6508.38 0.95353
6509.62 0.96259
6510.87 0.97489
6512.11 0.98067
6513.36 0.96628
6514.6 0.95791
6515.84 0.95942
6517.09 0.94565
6518.33 0.9613
6519.57 0.96878
6520.82 0.96595
6522.06 0.96905
6523.3 0.97125
6524.55 0.96305
6525.79 0.98087
6527.03 0.95564
6528.28 0.96272
6529.52 0.96279
6530.77 0.96839
6532.01 0.95234
6533.25 0.97471
6534.5 0.98246
6535.74 0.9612
6536.98 0.96228
6538.23 0.98108
6539.47 0.99249
6540.71 0.99703
6541.96 0.98448
6543.2 1.0012
6544.44 1.05936
6545.69 1.20539
6546.93 1.36336
6548.17 1.30969
6549.42 1.16412
6550.66 1.0836
6551.91 1.0126
6553.15 0.98726
6554.39 0.9679
6555.64 0.97826
6556.88 1.04526
6558.12 1.17161
6559.37 1.96255
6560.61 4.48175
6561.85 5.78429
6563.1 3.46503
6564.34 1.67208
6565.58 1.19334
6566.83 1.06282
6568.07 0.95895
6569.31 0.96306
6570.56 0.97142
6571.8 0.93744
6573.05 0.95925
6574.29 0.96193
6575.53 0.99651
6576.78 1.00799
6578.02 1.06107
6579.26 1.1707
6580.51 1.52993
6581.75 2.14637
6582.99 2.21804
6584.24 1.74467
6585.48 1.45122
6586.72 1.25488
6587.97 1.14548
6589.21 1.07271
6590.46 1.01776
6591.7 0.95408
6592.94 0.93939
6594.19 0.95168
6595.43 0.9405
6596.67 0.94633
6597.92 0.95815
6599.16 0.96233
6600.4 0.9833
6601.65 0.98607
6602.89 0.96809
6604.13 0.9706
6605.38 0.95346
6606.62 0.93823
6607.86 0.93492
6609.11 0.94177
6610.35 0.9565
6611.6 0.94157
6612.84 0.94882
6614.08 0.97478
6615.33 0.96491
6616.57 0.95804
6617.81 0.97699
6619.06 0.96717
6620.3 0.96965
6621.54 0.96648
6622.79 0.96875
6624.03 0.96256
6625.27 0.96026
6626.52 0.96169
6627.76 0.95293
6629.0 0.98445
6630.25 1.10455
6631.49 0.9343
6632.74 0.933
6633.98 0.93291
6635.22 0.95484
6636.47 0.94998
6637.71 0.95526
6638.95 0.95649
6640.2 0.94976
6641.44 0.9352
6642.68 0.95332
6643.93 0.9582
6645.17 0.94408
6646.41 0.94166
6647.66 0.94219
6648.9 0.94973
6650.14 0.94671
6651.39 0.94003
6652.63 0.9474
6653.88 0.9395
6655.12 0.95821
6656.36 0.95624
6657.61 0.93804
6658.85 0.9419
6660.09 0.9505
6661.34 0.933
6662.58 0.94157
6663.82 0.93243
6665.07 0.9244
6666.31 0.93814
6667.55 0.93254
6668.8 0.93071
6670.04 0.94795
6671.28 0.96805
6672.53 0.95913
6673.77 0.95095
6675.02 0.95745
6676.26 0.94093
6677.5 0.92397
6678.75 0.92277
6679.99 0.93333
6681.23 0.94934
6682.48 0.93977
6683.72 0.95747
6684.96 0.95286
6686.21 0.95688
6687.45 0.94666
6688.69 0.94296
6689.94 0.93389
6691.18 0.93103
6692.42 0.94029
6693.67 0.94627
6694.91 0.93483
6696.16 0.92814
6697.4 0.93271
6698.64 0.93083
6699.89 0.93699
6701.13 0.93625
6702.37 0.94209
6703.62 0.92559
6704.86 0.92685
6706.1 0.92259
6707.35 0.94273
6708.59 0.94553
6709.83 0.96369
6711.08 0.96008
6712.32 0.97585
6713.56 1.06111
6714.81 1.20464
6716.05 1.21743
6717.3 1.10971
6718.54 1.0302
6719.78 0.97765
6721.03 0.9542
6722.27 0.94402
6723.51 0.96706
6724.76 0.9817
6726.0 0.95556
6727.24 0.98482
6728.49 1.08864
6729.73 1.20501
6730.97 1.15475
6732.22 1.05675
6733.46 1.00539
6734.71 0.98531
6735.95 0.96109
6737.19 0.9314
6738.44 0.93713
6739.68 0.93053
6740.92 0.93687
6742.17 0.91758
6743.41 0.91466
6744.65 0.93673
6745.9 0.91069
6747.14 0.90446
6748.38 0.90515
6749.63 0.92992
6750.87 0.90941
6752.11 0.90733
6753.36 0.91872
6754.6 0.90366
6755.84 0.93627
6757.09 0.93076
6758.33 0.9444
6759.58 0.95546
6760.82 0.93846
6762.06 0.91109
6763.31 0.94059
6764.55 0.92403
6765.79 0.93598
6767.04 0.91749
6768.28 0.91489
6769.52 0.92855
6770.77 0.91211
6772.01 0.91242
6773.25 0.94438
6774.5 0.93751
6775.74 0.92843
6776.99 0.92913
6778.23 0.9703
6779.47 0.96456
6780.72 0.95464
6781.96 0.91148
6783.2 0.90652
6784.45 0.91527
6785.69 0.92044
6786.93 0.92518
6788.18 0.92603
6789.42 0.93463
6790.66 0.9649
6791.91 0.93199
6793.15 0.93215
6794.39 0.93495
6795.64 0.91705
6796.88 0.93854
6798.12 0.92794
6799.37 0.9253
6800.61 0.92005
6801.86 0.9574
6803.1 0.95722
6804.34 0.94344
6805.59 0.93793
6806.83 0.93989
6808.07 0.93814
6809.32 0.94142
6810.56 0.93793
6811.8 0.93343
6813.05 0.91168
6814.29 0.9244
6815.53 0.93645
6816.78 0.92816
6818.02 0.95492
6819.27 0.92228
6820.51 0.92679
6821.75 0.95115
6823.0 0.94125
6824.24 0.9493
6825.48 0.93249
6826.73 0.92245
6827.97 0.94778
6829.21 0.96695
6830.46 0.9905
6831.7 0.95373
6832.94 0.95166
6834.19 1.00268
6835.43 0.99252
6836.67 0.95854
6837.92 0.93548
6839.16 0.94459
6840.41 0.90298
6841.65 0.92789
6842.89 0.90706
6844.14 0.95231
6845.38 0.94239
6846.62 0.90808
6847.87 0.94997
6849.11 0.95691
6850.35 0.91251
6851.6 0.95335
6852.84 0.93774
6854.08 0.92421
6855.33 0.94151
6856.57 0.9181
6857.81 0.94983
6859.06 0.93136
6860.3 0.91712
6861.55 0.94199
6862.79 0.97127
6864.03 0.9543
6865.28 0.97923
6866.52 0.94643
6867.76 0.93107
6869.01 0.9281
6870.25 0.95372
6871.49 0.93537
6872.74 0.93017
6873.98 0.95394
6875.22 0.95006
6876.47 0.9331
6877.71 0.91897
6878.96 0.94272
6880.2 0.93236
6881.44 0.91943
6882.69 0.92719
6883.93 0.94148
6885.17 0.95806
6886.42 0.94431
6887.66 0.97202
6888.9 0.95989
6890.15 0.965
6891.39 0.93829
6892.63 0.95296
6893.88 0.95158
6895.12 0.94643
6896.36 0.94663
6897.61 0.93439
6898.85 0.9548
6900.09 0.9488
6901.34 0.96333
6902.58 0.96249
6903.83 0.93925
6905.07 0.9679
6906.31 0.95905
6907.56 0.9547
6908.8 0.94782
6910.04 0.94302
6911.29 0.9417
6912.53 0.9355
6913.77 0.95261
6915.02 0.92847
6916.26 0.94575
6917.5 0.9376
6918.75 0.94554
6919.99 0.93463
6921.23 0.9464
6922.48 0.9378
6923.72 0.93714
6924.97 0.93435
6926.21 0.94573
6927.45 0.92926
6928.7 0.93629
6929.94 0.94004
6931.18 0.92843
6932.43 0.95755
6933.67 0.93377
6934.91 0.93951
6936.16 0.9464
6937.4 0.94221
6938.64 0.94918
6939.89 0.94081
6941.13 0.94522
6942.38 0.92725
6943.62 0.93443
6944.86 0.92463
6946.11 0.94251
6947.35 0.92652
6948.59 0.92247
6949.84 0.93048
6951.08 0.91456
6952.32 0.90857
6953.57 0.91349
6954.81 0.94037
6956.05 0.94149
6957.3 0.93765
6958.54 0.94046
6959.78 0.93982
6961.03 0.94451
6962.27 0.94251
6963.52 0.96096
6964.76 0.94765
6966.0 0.9492
6967.25 0.95518
6968.49 0.94903
6969.73 0.95561
6970.98 0.95245
6972.22 0.95275
6973.46 0.94759
6974.71 0.9305
6975.95 0.91306
6977.19 0.88721
6978.44 0.90319
6979.68 0.90271
6980.92 0.91856
6982.17 0.93884
6983.41 0.94823
6984.66 0.94761
6985.9 0.96389
6987.14 0.94995
6988.39 0.93651
6989.63 0.92957
6990.87 0.95414
6992.12 0.94497
6993.36 0.9492
6994.6 0.94521
6995.85 0.94584
6997.09 0.94935
6998.33 0.92502
6999.58 0.93177
7000.82 0.93027
7002.06 0.90972
7003.31 0.8984
7004.55 0.91455
7005.79 0.93731
7007.04 0.94225
7008.28 0.95132
7009.53 0.9344
7010.77 0.92593
7012.01 0.95024
7013.26 0.94133
7014.5 0.91129
7015.74 0.92086
7016.99 0.90935
7018.23 0.9208
7019.47 0.93383
7020.72 0.9449
7021.96 0.94827
7023.2 0.93636
7024.45 0.90843
7025.69 0.92068
7026.94 0.93522
7028.18 0.93447
7029.42 0.9444
7030.67 0.95168
7031.91 0.95466
7033.15 0.94946
7034.4 0.95419
7035.64 0.94247
7036.88 0.92091
7038.13 0.92828
7039.37 0.94918
7040.61 0.96084
7041.86 0.97677
7043.1 0.96387
7044.34 0.96515
7045.59 0.96904
7046.83 0.97108
7048.08 0.98178
7049.32 0.94735
7050.56 0.93728
7051.81 0.92702
7053.05 0.9069
7054.29 0.8969
7055.54 0.89804
7056.78 0.90036
7058.02 0.90187
7059.27 0.89468
7060.51 0.88269
7061.75 0.89412
7063.0 0.89017
7064.24 0.8988
7065.48 0.88764
7066.73 0.88714
7067.97 0.88899
7069.22 0.89427
7070.46 0.91101
7071.7 0.91183
7072.95 0.90427
7074.19 0.90088
7075.43 0.90483
7076.68 0.929
7077.92 0.94123
7079.16 0.94321
7080.41 0.91769
7081.65 0.90318
7082.89 0.89061
7084.14 0.87326
7085.38 0.88052
7086.62 0.88639
7087.87 0.87351
7089.11 0.87468
7090.36 0.84552
7091.6 0.85337
7092.84 0.8704
7094.09 0.86481
7095.33 0.86758
7096.57 0.88006
7097.82 0.88429
7099.06 0.87651
7100.3 0.862
7101.55 0.87127
7102.79 0.87968
7104.03 0.874
7105.28 0.87158
7106.52 0.85763
7107.76 0.88763
7109.01 0.89633
7110.25 0.85394
7111.5 0.85091
7112.74 0.85624
7113.98 0.8689
7115.23 0.8623
7116.47 0.8587
7117.71 0.87671
7118.96 0.88292
7120.2 0.87051
7121.44 0.88057
7122.69 0.88187
7123.93 0.85974
7125.17 0.85937
7126.42 0.85724
7127.66 0.84259
7128.91 0.82959
7130.15 0.83271
7131.39 0.84423
7132.64 0.86015
7133.88 0.86051
7135.12 0.86235
7136.37 0.85469
7137.61 0.85367
7138.85 0.84233
7140.1 0.84455
7141.34 0.85849
7142.58 0.85723
7143.83 0.86858
7145.07 0.86068
7146.31 0.84931
7147.56 0.84554
7148.8 0.86199
7150.04 0.86634
7151.29 0.86758
7152.53 0.85809
7153.78 0.86361
7155.02 0.85743
7156.26 0.86017
7157.51 0.87238
7158.75 0.87013
7159.99 0.87022
7161.24 0.86638
7162.48 0.86342
7163.72 0.85753
7164.97 0.86289
7166.21 0.86083
7167.45 0.86391
7168.7 0.87944
7169.94 0.88078
7171.19 0.87882
7172.43 0.86382
7173.67 0.87707
7174.92 0.88607
7176.16 0.87676
7177.4 0.87859
7178.65 0.86009
7179.89 0.84673
7181.13 0.87289
7182.38 0.86841
7183.62 0.8754
7184.86 0.85687
7186.11 0.82884
7187.35 0.83021
7188.59 0.84377
7189.84 0.84763
7191.08 0.83592
7192.33 0.84889
7193.57 0.85582
7194.81 0.86302
7196.06 0.87095
7197.3 0.87504
7198.54 0.86333
7199.79 0.87277
7201.03 0.879
7202.27 0.88563
7203.52 0.88717
7204.76 0.90226
7206.0 0.86114
7207.25 0.85568
7208.49 0.85581
7209.73 0.86537
7210.98 0.87528
7212.22 0.85631
7213.47 0.85817
7214.71 0.8763
7215.95 0.87551
7217.2 0.89953
7218.44 0.87823
7219.68 0.89053
7220.93 0.88242
7222.17 0.89168
7223.41 0.87671
7224.66 0.85953
7225.9 0.88683
7227.14 0.90998
7228.39 0.90935
7229.63 0.92632
7230.88 0.91712
7232.12 0.90762
7233.36 0.91354
7234.61 0.90984
7235.85 0.89787
7237.09 0.91336
7238.34 0.90167
7239.58 0.93564
7240.82 0.9097
7242.07 0.90184
7243.31 0.89577
7244.55 0.88949
7245.8 0.91493
7247.04 0.90383
7248.28 0.89639
7249.53 0.90728
7250.77 0.8937
7252.01 0.88394
7253.26 0.88722
7254.5 0.89658
7255.75 0.89854
7256.99 0.90226
7258.23 0.89239
7259.48 0.88767
7260.72 0.86956
7261.96 0.88814
7263.21 0.89889
7264.45 0.90064
7265.69 0.9045
7266.94 0.90655
7268.18 0.91141
7269.42 0.91433
7270.67 0.90695
7271.91 0.88985
7273.16 0.89457
7274.4 0.89544
7275.64 0.91952
7276.89 0.89193
7278.13 0.91637
7279.37 0.87923
7280.62 0.87796
7281.86 0.86192
7283.1 0.85333
7284.35 0.86752
7285.59 0.87997
7286.83 0.8731
7288.08 0.88512
7289.32 0.86855
7290.56 0.86103
7291.81 0.87633
7293.05 0.87456
7294.29 0.89471
7295.54 0.90525
7296.78 0.89263
7298.03 0.90446
7299.27 0.90369
7300.51 0.90146
7301.76 0.91232
7303.0 0.90176
7304.24 0.91346
7305.49 0.89084
7306.73 0.87338
7307.97 0.89484
7309.22 0.90147
7310.46 0.88984
7311.7 0.89766
7312.95 0.90403
7314.19 0.90323
7315.44 0.90352
7316.68 0.89437
7317.92 0.89957
7319.17 0.93146
7320.41 0.92627
7321.65 0.9027
7322.9 0.89849
7324.14 0.89783
7325.38 0.89543
7326.63 0.90673
7327.87 0.90841
7329.11 0.91503
7330.36 0.90019
7331.6 0.90762
7332.84 0.90558
7334.09 0.92107
7335.33 0.9291
7336.58 0.93539
7337.82 0.93769
7339.06 0.94286
7340.31 0.93608
7341.55 0.94624
7342.79 0.91183
7344.04 0.9085
7345.28 0.92208
7346.52 0.91464
7347.77 0.92713
7349.01 0.93363
7350.25 0.92419
7351.5 0.90675
7352.74 0.88247
7353.98 0.89704
7355.23 0.88874
7356.47 0.91166
7357.72 0.91538
7358.96 0.91798
7360.2 0.88283
7361.45 0.89124
7362.69 0.8961
7363.93 0.9029
7365.18 0.91752
7366.42 0.92357
7367.66 0.89977
7368.91 0.91383
7370.15 0.94248
7371.39 0.93339
7372.64 0.9327
7373.88 0.95492
7375.12 0.94132
7376.37 0.94606
7377.61 0.95275
7378.86 0.95904
7380.1 0.93367
7381.34 0.92804
7382.59 0.93156
7383.83 0.91541
7385.07 0.92795
7386.32 0.90628
7387.56 0.89762
7388.8 0.92006
7390.05 0.91946
7391.29 0.90785
7392.53 0.91885
7393.78 0.94124
7395.02 0.91353
7396.26 0.93133
7397.51 0.92767
7398.75 0.92784
7400.0 0.92827
7401.24 0.91174
7402.48 0.92997
7403.73 0.94058
7404.97 0.92269
7406.21 0.91478
7407.46 0.92008
7408.7 0.92777
7409.94 0.90661
7411.19 0.91528
7412.43 0.90142
7413.67 0.87901
7414.92 0.90082
7416.16 0.89684
7417.4 0.89752
7418.65 0.91374
7419.89 0.89648
7421.14 0.90909
7422.38 0.90055
7423.62 0.89431
7424.87 0.92348
7426.11 0.93488
7427.35 0.9273
7428.6 0.93059
7429.84 0.91325
7431.08 0.89615
7432.33 0.93798
7433.57 0.9547
7434.81 0.95192
7436.06 0.93902
7437.3 0.92913
7438.54 0.90679
7439.79 0.9193
7441.03 0.91771
7442.28 0.90078
7443.52 0.91016
7444.76 0.92896
7446.01 0.91279
7447.25 0.91582
7448.49 0.92402
7449.74 0.91991
7450.98 0.93987
7452.22 0.95311
7453.47 0.93629
7454.71 0.95251
7455.95 0.93692
7457.2 0.91977
7458.44 0.93704
7459.69 0.91731
7460.93 0.89257
7462.17 0.90757
7463.42 0.91556
7464.66 0.92714
7465.9 0.93985
7467.15 0.96095
7468.39 0.94317
7469.63 0.9252
7470.88 0.92968
7472.12 0.89636
7473.36 0.91308
7474.61 0.93304
7475.85 0.91571
7477.09 0.91739
7478.34 0.95164
7479.58 0.92964
7480.83 0.90392
7482.07 1.18225
7483.31 0.99966
7484.56 0.965
7485.8 0.96126
7487.04 0.93973
7488.29 0.92874
7489.53 0.94977
7490.77 0.94946
7492.02 0.93136
7493.26 0.90504
7494.5 0.90813
7495.75 0.92487
7496.99 0.92976
7498.23 0.93691
7499.48 0.95219
7500.72 0.93212
7501.96 0.9379
7503.21 0.96355
7504.45 0.92568
7505.7 0.92031
7506.94 0.9156
7508.18 0.94105
7509.43 0.92432
7510.67 0.92411
7511.91 0.92851
7513.16 0.94759
7514.4 0.93734
7515.64 0.95134
7516.89 0.96106
7518.13 0.94796
7519.37 0.9732
7520.62 0.97333
7521.86 0.93111
7523.11 0.93816
7524.35 0.94235
7525.59 0.93031
7526.84 0.94735
7528.08 0.93042
7529.32 0.91898
7530.57 0.94246
7531.81 0.95567
7533.05 0.97283
7534.3 0.9655
7535.54 0.97676
7536.78 0.95765
7538.03 0.92997
7539.27 0.947
7540.51 0.96109
7541.76 0.95775
7543.0 0.96609
7544.25 0.9393
7545.49 0.93621
7546.73 0.93435
7547.98 0.93385
7549.22 0.94992
7550.46 0.95944
7551.71 0.95699
7552.95 0.98886
7554.19 1.0177
7555.44 0.98316
7556.68 0.99957
7557.92 1.0514
7559.17 1.05945
7560.41 1.04282
7561.65 1.01437
7562.9 1.01168
7564.14 1.03484
7565.39 1.04405
7566.63 1.0637
7567.87 1.02463
7569.12 1.02739
7570.36 1.0052
7571.6 1.01923
7572.85 0.97404
7574.09 0.98656
7575.33 0.95264
7576.58 0.97137
7577.82 0.98376
7579.06 0.96873
7580.31 0.93219
7581.55 0.9346
7582.79 0.99285
7584.04 0.94119
7585.28 0.95199
7586.53 1.00128
7587.77 0.89082
7589.01 0.96574
7590.26 1.00953
7591.5 0.89433
7592.74 0.94869
7593.99 1.0052
7595.23 0.93213
7596.47 0.90348
7597.72 0.98022
7598.96 0.95964
7600.2 0.8692
7601.45 0.93069
7602.69 0.9939
7603.93 0.90928
7605.18 0.8766
7606.42 0.92804
7607.67 0.9612
7608.91 0.91586
7610.15 0.87939
7611.4 0.94798
7612.64 0.96063
7613.88 0.90376
7615.13 0.87623
7616.37 0.88015
7617.61 0.894
7618.86 0.89287
7620.1 0.86501
7621.34 0.90449
7622.59 0.93004
7623.83 0.91584
7625.08 0.88126
7626.32 0.90347
7627.56 0.90213
7628.81 0.89174
7630.05 0.89981
7631.29 0.87365
7632.54 0.8982
7633.78 0.90107
7635.02 0.90251
7636.27 0.88571
7637.51 0.87797
7638.75 0.87698
7640.0 0.89688
7641.24 0.9144
7642.48 0.88657
7643.73 0.88447
7644.97 0.89619
7646.21 0.88935
7647.46 0.90573
7648.7 0.88727
7649.95 0.88301
7651.19 0.87918
7652.43 0.87923
7653.68 0.87008
7654.92 0.85715
7656.16 0.84197
7657.41 0.84566
7658.65 0.84707
7659.89 0.84902
7661.14 0.83745
7662.38 0.81718
7663.62 0.82037
7664.87 0.81994
7666.11 0.83556
7667.35 0.84687
7668.6 0.85066
7669.84 0.8613
7671.09 0.84816
7672.33 0.87881
7673.57 0.88033
7674.82 0.88016
7676.06 0.87971
7677.3 0.88957
7678.55 0.88205
7679.79 0.87184
7681.03 0.86338
7682.28 0.86472
7683.52 0.87599
7684.76 0.89448
7686.01 0.88123
7687.25 0.87446
7688.5 0.87938
7689.74 0.87019
7690.98 0.87431
7692.23 0.87884
7693.47 0.87177
7694.71 0.87288
7695.96 0.86335
7697.2 0.83263
7698.44 0.8399
7699.69 0.86812
7700.93 0.88662
7702.17 0.88679
7703.42 0.8939
7704.66 0.87395
7705.9 0.86567
7707.15 0.86167
7708.39 0.86952
7709.64 0.86084
7710.88 0.86347
7712.12 0.83463
7713.37 0.83431
7714.61 0.84474
7715.85 0.85696
7717.1 0.8517
7718.34 0.8665
7719.58 0.87398
7720.83 0.85792
7722.07 0.86414
7723.31 0.86906
7724.56 0.87181
7725.8 0.86257
7727.04 0.86923
7728.29 0.86707
7729.53 0.88487
7730.78 0.88729
7732.02 0.90852
7733.26 0.88345
7734.51 0.88416
7735.75 0.8899
7736.99 0.90193
7738.24 0.90256
7739.48 0.89007
7740.72 0.88842
7741.97 0.86461
7743.21 0.88013
7744.45 0.86762
7745.7 0.85289
7746.94 0.86977
7748.18 0.84406
7749.43 0.84995
7750.67 0.88024
7751.92 0.87844
7753.16 0.87741
7754.4 0.89229
7755.65 0.85943
7756.89 0.88534
7758.13 0.89422
7759.38 0.87732
7760.62 0.87062
7761.86 0.89344
7763.11 0.89054
7764.35 0.88268
7765.59 0.86426
7766.84 0.88682
7768.08 0.89224
7769.33 0.85695
7770.57 0.84334
7771.81 0.83777
7773.06 0.85737
7774.3 0.86632
7775.54 0.87839
7776.79 0.87987
7778.03 0.85378
7779.27 0.86873
7780.52 0.87513
7781.76 0.88208
7783.0 0.88057
7784.25 0.8839
7785.49 0.86792
7786.73 0.86813
7787.98 0.86036
7789.22 0.86958
7790.46 0.88937
7791.71 0.89906
7792.95 0.8916
7794.2 0.86647
7795.44 0.88897
7796.68 0.87897
7797.93 0.88482
7799.17 0.89913
7800.41 0.88084
7801.66 0.86374
7802.9 0.9079
7804.14 0.90213
7805.39 0.88475
7806.63 0.90138
7807.87 0.8725
7809.12 0.87083
7810.36 0.85656
7811.6 0.90368
7812.85 0.90202
7814.09 0.87251
7815.34 0.88199
7816.58 0.89934
7817.82 0.92763
7819.07 1.04785
7820.31 0.93124
7821.55 0.90339
7822.8 0.90648
7824.04 0.91558
7825.28 0.88675
7826.53 0.89404
7827.77 0.89316
7829.01 0.87277
7830.26 0.86277
7831.5 0.85468
7832.75 0.84787
7833.99 0.86077
7835.23 0.84928
7836.48 0.86571
7837.72 0.84892
7838.96 0.87282
7840.21 0.88515
7841.45 0.87015
7842.69 0.87454
7843.94 0.88116
7845.18 0.87256
7846.42 0.88289
7847.67 0.88624
7848.91 0.86762
7850.15 0.88502
7851.4 0.87141
7852.64 0.86577
7853.88 0.85624
7855.13 0.86159
7856.37 0.89832
7857.62 0.88474
7858.86 0.87754
7860.1 0.89031
7861.35 0.87731
7862.59 0.86104
7863.83 0.88496
7865.08 0.87985
7866.32 0.8849
7867.56 0.86773
7868.81 0.87223
7870.05 0.88402
7871.29 0.86446
7872.54 0.87541
7873.78 0.86008
7875.03 0.85796
7876.27 0.84801
7877.51 0.85257
7878.76 0.84027
7880.0 0.85034
7881.24 0.84791
7882.49 0.86607
7883.73 0.86776
7884.97 0.8753
7886.22 0.88064
7887.46 0.85601
7888.7 0.87641
7889.95 0.86678
7891.19 0.88172
7892.43 0.84645
7893.68 0.8421
7894.92 0.84981
7896.17 0.84278
7897.41 0.87034
7898.65 0.86487
7899.9 0.87135
7901.14 0.85211
7902.38 0.86843
7903.63 0.8621
7904.87 0.84842
7906.11 0.86475
7907.36 0.8569
7908.6 0.85084
7909.84 0.85194
7911.09 0.85364
7912.33 0.82916
7913.57 0.84126
7914.82 0.84043
7916.06 0.83194
7917.31 0.81466
7918.55 0.83655
7919.79 0.84448
7921.04 0.8401
7922.28 0.84751
7923.52 0.83653
7924.77 0.83723
7926.01 0.8629
7927.25 0.87681
7928.5 0.8557
7929.74 0.83477
7930.98 0.82359
7932.23 0.84272
7933.47 0.83686
7934.71 0.82894
7935.96 0.83503
7937.2 0.8353
7938.45 0.83147
7939.69 0.828
7940.93 0.82384
7942.18 0.82801
7943.42 0.82227
7944.66 0.80101
7945.91 0.81704
7947.15 0.81753
7948.39 0.83727
7949.64 0.84934
7950.88 0.86016
7952.12 0.83544
7953.37 0.84486
7954.61 0.84311
7955.85 0.85053
7957.1 0.838
7958.34 0.8537
7959.59 0.8316
7960.83 0.85959
7962.07 0.8515
7963.32 0.87071
7964.56 0.86909
7965.8 0.86105
7967.05 0.86907
7968.29 0.87576
7969.53 0.84498
7970.78 0.87021
7972.02 0.85125
7973.26 0.87886
7974.51 0.89707
7975.75 0.86611
7977.0 0.88222
7978.24 0.85024
7979.48 0.85649
7980.73 0.86429
7981.97 0.8646
7983.21 0.88663
7984.46 0.84795
7985.7 0.84466
7986.94 0.85446
7988.19 0.86984
7989.43 0.87346
7990.67 0.85691
7991.92 0.84436
7993.16 0.84608
7994.4 0.86165
7995.65 0.84366
7996.89 0.84683
7998.13 0.84137
7999.38 0.84987
8000.62 0.87733
8001.87 0.84534
8003.11 0.8366
8004.35 0.85902
8005.6 0.86487
8006.84 0.85285
8008.08 0.87154
8009.33 0.8641
8010.57 0.87086
8011.81 0.87484
8013.06 0.87834
8014.3 0.88476
8015.54 0.88495
8016.79 0.87096
8018.03 0.89575
8019.28 0.86641
8020.52 0.87485
8021.76 0.86312
8023.01 0.87697
8024.25 0.83201
8025.49 0.83831
8026.74 0.83535
8027.98 0.84702
8029.22 0.83826
8030.47 0.86758
8031.71 0.88596
8032.95 0.89104
8034.2 0.88226
8035.44 0.87137
8036.68 0.90054
8037.93 0.87774
8039.17 0.87741
8040.42 0.87325
8041.66 0.87729
8042.9 0.8672
8044.15 0.84817
8045.39 0.84516
8046.63 0.85569
8047.88 0.86285
8049.12 0.84289
8050.36 0.86426
8051.61 0.87917
8052.85 0.88254
8054.09 0.88301
8055.34 0.88464
8056.58 0.87907
8057.82 0.8831
8059.07 0.87543
8060.31 0.86249
8061.56 0.86614
8062.8 0.8855
8064.04 0.88018
8065.29 0.85738
8066.53 0.85268
8067.77 0.85262
8069.02 0.84139
8070.26 0.84499
8071.5 0.84062
8072.75 0.82758
8073.99 0.84781
8075.23 0.86612
8076.48 0.85932
8077.72 0.84929
8078.96 0.84547
8080.21 0.85017
8081.45 0.85245
8082.7 0.87704
8083.94 0.87372
8085.18 0.87405
8086.43 0.86937
8087.67 0.85222
8088.91 0.84565
8090.16 0.84467
8091.4 0.84013
8092.64 0.83649
8093.89 0.87177
8095.13 0.85587
8096.37 0.83635
8097.62 0.83241
8098.86 0.84888
8100.1 0.85243
8101.35 0.85084
8102.59 0.85828
8103.84 0.87067
8105.08 0.8753
8106.32 0.87137
8107.57 0.86034
8108.81 0.85431
8110.05 0.88059
8111.3 0.88379
8112.54 0.85992
8113.78 0.86097
8115.03 0.84796
8116.27 0.8467
8117.51 0.86244
8118.76 0.87478
8120.0 0.88207
8121.25 0.88456
8122.49 0.89556
8123.73 0.88625
8124.98 0.88734
8126.22 0.87776
8127.46 0.90176
8128.71 0.87107
8129.95 0.86064
8131.19 0.84537
8132.44 0.87559
8133.68 0.88655
8134.92 0.90251
8136.17 0.89928
8137.41 0.90653
8138.65 0.89415
8139.9 0.86673
8141.14 0.87139
8142.38 0.88721
8143.63 0.88806
8144.87 0.88647
8146.12 0.87302
8147.36 0.8864
8148.6 0.88726
8149.85 0.87681
8151.09 0.8859
8152.33 0.87678
8153.58 0.88243
8154.82 0.88942
8156.06 0.90452
8157.31 0.89178
8158.55 0.8888
8159.79 0.85741
8161.04 0.85861
8162.28 0.86954
8163.52 0.87117
8164.77 0.86899
8166.01 0.88604
8167.26 0.86873
8168.5 0.86147
8169.74 0.89396
8170.99 0.87256
8172.23 0.86026
8173.47 0.8741
8174.72 0.88012
8175.96 0.88598
8177.2 0.87845
8178.45 0.86291
8179.69 0.85628
8180.93 0.84859
8182.18 0.85175
8183.42 0.85193
8184.67 0.86639
8185.91 0.87815
8187.15 0.88063
8188.4 0.88706
8189.64 0.89942
8190.88 0.86616
8192.13 0.83533
8193.37 0.8076
8194.61 0.8219
8195.86 0.87536
8197.1 0.92065
8198.34 0.83413
8199.59 0.85166
8200.83 0.85846
8202.07 0.85929
8203.32 0.8488
8204.56 0.8391
8205.8 0.83877
8207.05 0.82866
8208.29 0.86024
8209.54 0.83787
8210.78 0.83447
8212.02 0.82375
8213.27 0.84152
8214.51 0.8542
8215.75 0.85497
8217.0 0.84915
8218.24 0.8296
8219.48 0.8396
8220.73 0.85324
8221.97 0.84459
8223.21 0.86125
8224.46 0.86981
8225.7 0.87038
8226.95 0.88163
8228.19 0.87991
8229.43 0.88827
8230.68 0.8693
8231.92 0.87022
8233.16 0.86595
8234.41 0.87577
8235.65 0.86491
8236.89 0.85078
8238.14 0.85609
8239.38 0.8365
8240.62 0.8683
8241.87 0.88246
8243.11 0.86831
8244.35 0.87795
8245.6 0.86884
8246.84 0.85231
8248.08 0.87673
8249.33 0.86905
8250.57 0.8437
8251.82 0.84615
8253.06 0.86097
8254.3 0.85172
8255.55 0.82727
8256.79 0.844
8258.03 0.88059
8259.28 0.88815
8260.52 0.86829
8261.76 0.86742
8263.01 0.90316
8264.25 0.88618
8265.5 0.88746
8266.74 0.87012
8267.98 0.87262
8269.23 0.87768
8270.47 0.85624
8271.71 0.85062
8272.96 0.85575
8274.2 0.85504
8275.44 0.86231
8276.69 0.85822
8277.93 0.86067
8279.17 0.85379
8280.42 0.85598
8281.66 0.8484
8282.9 0.853
8284.15 0.85697
8285.39 0.83503
8286.63 0.8398
8287.88 0.83184
8289.12 0.84223
8290.37 0.826
8291.61 0.83183
8292.85 0.83711
8294.1 0.84133
8295.34 0.83716
8296.58 0.82587
8297.83 0.81538
8299.07 0.85746
8300.31 0.81699
8301.56 0.83717
8302.8 0.84321
8304.04 0.81407
8305.29 0.81635
8306.53 0.81638
8307.78 0.82516
8309.02 0.79318
8310.26 0.8072
8311.51 0.82575
8312.75 0.80907
8313.99 0.83154
8315.24 0.8355
8316.48 0.82475
8317.72 0.82133
8318.97 0.84264
8320.21 0.82885
8321.45 0.85041
8322.7 0.84109
8323.94 0.81155
8325.18 0.82554
8326.43 0.80559
8327.67 0.81955
8328.92 0.8195
8330.16 0.78556
8331.4 0.79524
8332.65 0.77799
8333.89 0.79255
8335.13 0.80858
8336.38 0.80083
8337.62 0.80201
8338.86 0.82038
8340.11 0.79698
8341.35 0.7982
8342.59 0.81834
8343.84 0.8122
8345.08 0.81304
8346.32 0.80918
8347.57 0.82473
8348.81 0.8232
8350.05 0.83642
8351.3 0.81425
8352.54 0.81232
8353.79 0.84314
8355.03 0.83536
8356.27 0.83458
8357.52 0.85675
8358.76 0.82453
8360.0 0.81845
8361.25 0.80298
8362.49 0.79969
8363.73 0.8111
8364.98 0.82046
8366.22 0.8233
8367.46 0.82954
8368.71 0.83339
8369.95 0.82006
8371.2 0.83021
8372.44 0.85885
8373.68 0.81448
8374.93 0.83143
8376.17 0.82549
8377.41 0.82679
8378.66 0.831
8379.9 0.80999
8381.14 0.78624
8382.39 0.79522
8383.63 0.83279
8384.87 0.79992
8386.12 0.78469
8387.36 0.81084
8388.6 0.80428
8389.85 0.79724
8391.09 0.81988
8392.33 0.83178
8393.58 0.83358
8394.82 0.82937
8396.07 0.84166
8397.31 0.83433
8398.55 0.84514
8399.8 0.83743
8401.04 0.83533
8402.28 0.83073
8403.53 0.84067
8404.77 0.84342
8406.01 0.84851
8407.26 0.81436
8408.5 0.8156
8409.74 0.84202
8410.99 0.82304
8412.23 0.8217
8413.48 0.83081
8414.72 0.81767
8415.96 0.82735
8417.21 0.82774
8418.45 0.81018
8419.69 0.8136
8420.94 0.80106
8422.18 0.81845
8423.42 0.80577
8424.67 0.80751
8425.91 0.8063
8427.15 0.82263
8428.4 0.82631
8429.64 0.83645
8430.88 0.83123
8432.13 0.80528
8433.37 0.79134
8434.62 0.77328
8435.86 0.7986
8437.1 0.78454
8438.35 0.77487
8439.59 0.78772
8440.83 0.79316
8442.08 0.80047
8443.32 0.78521
8444.56 0.78491
8445.81 0.79582
8447.05 0.79122
8448.29 0.8057
8449.54 0.81079
8450.78 0.81801
8452.03 0.82525
8453.27 0.81721
8454.51 0.79315
8455.76 0.78654
8457.0 0.79832
8458.24 0.80278
8459.49 0.81429
8460.73 0.82716
8461.97 0.81222
8463.22 0.80965
8464.46 0.78666
8465.7 0.7705
8466.95 0.75157
8468.19 0.77079
8469.43 0.77841
8470.68 0.76964
8471.92 0.77857
8473.17 0.80088
8474.41 0.81053
8475.65 0.79824
8476.9 0.82716
8478.14 0.81517
8479.38 0.79844
8480.63 0.80269
8481.87 0.82922
8483.11 0.82276
8484.36 0.8091
8485.6 0.79447
8486.84 0.7979
8488.09 0.78206
8489.33 0.80436
8490.57 0.81774
8491.82 0.7964
8493.06 0.77362
8494.3 0.74912
8495.55 0.69942
8496.79 0.69127
8498.04 0.68195
8499.28 0.7187
8500.52 0.73134
8501.77 0.73436
8503.01 0.74087
8504.25 0.7679
8505.5 0.79811
8506.74 0.80299
8507.98 0.80889
8509.23 0.80325
8510.47 0.81387
8511.71 0.77571
8512.96 0.78462
8514.2 0.78726
8515.45 0.77699
8516.69 0.77383
8517.93 0.79122
8519.18 0.80482
8520.42 0.77861
8521.66 0.79603
8522.91 0.80398
8524.15 0.77443
8525.39 0.78391
8526.64 0.79755
8527.88 0.79819
8529.12 0.78315
8530.37 0.78866
8531.61 0.77818
8532.85 0.77341
8534.1 0.77481
8535.34 0.75336
8536.58 0.687
8537.83 0.66144
8539.07 0.59626
8540.32 0.57309
8541.56 0.56689
8542.8 0.58346
8544.05 0.60546
8545.29 0.62451
8546.53 0.67482
8547.78 0.70224
8549.02 0.73652
8550.26 0.7823
8551.51 0.78449
8552.75 0.78596
8553.99 0.79796
8555.24 0.79694
8556.48 0.7817
8557.72 0.77946
8558.97 0.78122
8560.21 0.7854
8561.46 0.80723
8562.7 0.79148
8563.94 0.81233
8565.19 0.79613
8566.43 0.81499
8567.67 0.79786
8568.92 0.80716
8570.16 0.8154
8571.4 0.81318
8572.65 0.80759
8573.89 0.80907
8575.13 0.81473
8576.38 0.8042
8577.62 0.82027
8578.87 0.78732
8580.11 0.81166
8581.35 0.81076
8582.6 0.79355
8583.84 0.81061
8585.08 0.8009
8586.33 0.80022
8587.57 0.79439
8588.81 0.80834
8590.06 0.79471
8591.3 0.80796
8592.54 0.78841
8593.79 0.78296
8595.03 0.79206
8596.27 0.78497
8597.52 0.7818
8598.76 0.78689
8600.01 0.78501
8601.25 0.79105
8602.49 0.80826
8603.74 0.79843
8604.98 0.79421
8606.22 0.80924
8607.47 0.81834
8608.71 0.78954
8609.95 0.77344
8611.2 0.78184
8612.44 0.78843
8613.68 0.78961
8614.93 0.80908
8616.17 0.8296
8617.42 0.8368
8618.66 0.80945
8619.9 0.81279
8621.15 0.81258
8622.39 0.81288
8623.63 0.82769
8624.88 0.81724
8626.12 0.8223
8627.36 0.83284
8628.61 0.8294
8629.85 0.82138
8631.09 0.82165
8632.34 0.80388
8633.58 0.81825
8634.82 0.84401
8636.07 0.8362
8637.31 0.83223
8638.55 0.83193
8639.8 0.82231
8641.04 0.81491
8642.29 0.82108
8643.53 0.82542
8644.77 0.83771
8646.02 0.82084
8647.26 0.79177
8648.5 0.80446
8649.75 0.79341
8650.99 0.80735
8652.23 0.77927
8653.48 0.78582
8654.72 0.80037
8655.96 0.74888
8657.21 0.7208
8658.45 0.67735
8659.7 0.62703
8660.94 0.59331
8662.18 0.59902
8663.43 0.64403
8664.67 0.65903
8665.91 0.68709
8667.16 0.72531
8668.4 0.75407
8669.64 0.76397
8670.89 0.76855
8672.13 0.77342
8673.37 0.73963
8674.62 0.77987
8675.86 0.78489
8677.1 0.78501
8678.35 0.7716
8679.59 0.77487
8680.83 0.78455
8682.08 0.79298
8683.32 0.78981
8684.57 0.79327
8685.81 0.77758
8687.05 0.76846
8688.3 0.76461
8689.54 0.76849
8690.78 0.7919
8692.03 0.79022
8693.27 0.80948
8694.51 0.80737
8695.76 0.81023
8697.0 0.80477
8698.24 0.80847
8699.49 0.81141
8700.73 0.81527
8701.97 0.79089
8703.22 0.79227
8704.46 0.81954
8705.71 0.83337
8706.95 0.82191
8708.19 0.82683
8709.44 0.81803
8710.68 0.83277
8711.92 0.82716
8713.17 0.80246
8714.41 0.79674
8715.65 0.81956
8716.9 0.83302
8718.14 0.82125
8719.38 0.82806
8720.63 0.84199
8721.87 0.84215
8723.12 0.82324
8724.36 0.83456
8725.6 0.80859
8726.85 0.80279
8728.09 0.8204
8729.33 0.82875
8730.58 0.82689
8731.82 0.82648
8733.06 0.80366
8734.31 0.76183
8735.55 0.80476
8736.79 0.82273
8738.04 0.7884
8739.28 0.79711
8740.52 0.80101
8741.77 0.8306
8743.01 0.80597
8744.26 0.81706
8745.5 0.83678
8746.74 0.81702
8747.99 0.80545
8749.23 0.83447
8750.47 0.80153
8751.72 0.81143
8752.96 0.80595
8754.2 0.8004
8755.45 0.79637
8756.69 0.80967
8757.93 0.82033
8759.18 0.8233
8760.42 0.81403
8761.66 0.82045
8762.91 0.82825
8764.15 0.8048
8765.4 0.81743
8766.64 0.80422
8767.88 0.79945
8769.13 0.82304
8770.37 0.80899
8771.61 0.79367
8772.86 0.8001
8774.1 0.81558
8775.34 0.8298
8776.59 0.8469
8777.83 0.83253
8779.07 0.82815
8780.32 0.84733
8781.56 0.87438
8782.8 0.84184
8784.05 0.83858
8785.29 0.83324
8786.54 0.84441
8787.78 0.82937
8789.02 0.83224
8790.27 0.82231
8791.51 0.81779
8792.75 0.83128
8794.0 0.8139
8795.24 0.82699
8796.48 0.84154
8797.73 0.86356
8798.97 0.85135
8800.21 0.82853
8801.46 0.82717
8802.7 0.80034
8803.95 0.75952
8805.19 0.78057
8806.43 0.77407
8807.68 0.77278
8808.92 0.80805
8810.16 0.8165
8811.41 0.85524
8812.65 0.85851
8813.89 0.85711
8815.14 0.83498
8816.38 0.84704
8817.62 0.858
8818.87 0.83767
8820.11 0.83705
8821.35 0.82588
8822.6 0.80316
8823.84 0.8224
8825.08 0.82373
8826.33 0.8259
8827.57 0.84674
8828.82 0.84153
8830.06 0.85973
8831.3 0.84428
8832.55 0.83534
8833.79 0.84656
8835.03 0.8465
8836.28 0.81665
8837.52 0.83286
8838.76 0.84357
8840.01 0.88984
8841.25 0.84201
8842.49 0.82841
8843.74 0.84453
8844.98 0.8349
8846.22 0.84714
8847.47 0.83631
8848.71 0.83297
8849.96 0.84236
8851.2 0.85961
8852.44 0.84577
8853.69 0.85152
8854.93 0.84743
8856.17 0.85491
8857.42 0.83599
8858.66 0.82038
8859.9 0.803
8861.15 0.79601
8862.39 0.77836
8863.63 0.78315
8864.88 0.7769
8866.12 0.77871
8867.37 0.78594
8868.61 0.79448
8869.85 0.7939
8871.1 0.82357
8872.34 0.7677
8873.58 0.78159
8874.83 0.82194
8876.07 0.81918
8877.31 0.80897
8878.56 0.82487
8879.8 0.79526
8881.04 0.7984
8882.29 0.80136
8883.53 0.80965
8884.77 0.79351
8886.02 0.8063
8887.26 0.80835
8888.5 0.82817
8889.75 0.79969
8890.99 0.7945
8892.24 0.81259
8893.48 0.79332
8894.72 0.7909
8895.97 0.79659
8897.21 0.84616
8898.45 0.83291
8899.7 0.82111
8900.94 0.79182
8902.18 0.80878
8903.43 0.81788
8904.67 0.80642
8905.91 0.83751
8907.16 0.81706
8908.4 0.81828
8909.64 0.82801
8910.89 0.84723
8912.13 0.81678
8913.38 0.83176
8914.62 0.82729
8915.86 0.81177
8917.11 0.83153
8918.35 0.81408
8919.59 0.83533
8920.84 0.81067
8922.08 0.80976
8923.32 0.79123
8924.57 0.80601
8925.81 0.81163
8927.05 0.8032
8928.3 0.82982
8929.54 0.83173
8930.79 0.84694
8932.03 0.85063
8933.27 0.83323
8934.52 0.82347
8935.76 0.84831
8937.0 0.82812
8938.25 0.85173
8939.49 0.8516
8940.73 0.81974
8941.98 0.82351
8943.22 0.82803
8944.46 0.82224
8945.71 0.81973
8946.95 0.81907
8948.2 0.8213
8949.44 0.82593
8950.68 0.83474
8951.93 0.84865
8953.17 0.84881
8954.41 0.87956
8955.66 0.8599
8956.9 0.84383
8958.14 0.82214
8959.39 0.82944
8960.63 0.8295
8961.87 0.83145
8963.12 0.83082
8964.36 0.82437
8965.6 0.81782
8966.85 0.82156
8968.09 0.84596
8969.33 0.84711
8970.58 0.83936
8971.82 0.8356
8973.07 0.83243
8974.31 0.82898
8975.55 0.80366
8976.8 0.86157
8978.04 0.83905
8979.28 0.85951
8980.53 0.85291
8981.77 0.82308
8983.01 0.80199
8984.26 0.81179
8985.5 0.8022
8986.74 0.84243
8987.99 0.83544
8989.23 0.84155
8990.47 0.83462
8991.72 0.81374
8992.96 0.83412
8994.21 0.8275
8995.45 0.83191
8996.69 0.8049
8997.94 0.80677
8999.18 0.82646
9000.42 0.82898
9001.67 0.83614
9002.91 0.83053
9004.15 0.8197
9005.4 0.7664
9006.64 0.77371
9007.88 0.796
9009.13 0.78967
9010.37 0.78798
9011.62 0.78822
9012.86 0.78053
9014.1 0.79549
9015.35 0.76683
9016.59 0.74529
9017.83 0.76611
9019.08 0.79843
9020.32 0.76457
9021.56 0.73414
9022.81 0.7323
9024.05 0.72897
9025.29 0.72762
9026.54 0.76915
9027.78 0.80964
9029.02 0.83423
9030.27 0.81278
9031.51 0.76578
9032.75 0.73606
9034.0 0.75357
9035.24 0.80212
9036.49 0.8392
9037.73 0.80374
9038.97 0.73921
9040.22 0.76561
9041.46 0.82868
9042.7 0.8419
9043.95 0.83278
9045.19 0.79548
9046.43 0.80236
9047.68 0.81482
9048.92 0.86229
9050.16 0.8658
9051.41 0.78258
9052.65 0.75476
9053.89 0.8216
9055.14 0.86088
9056.38 0.82678
9057.62 0.81415
9058.87 0.76392
9060.11 0.7681
9061.36 0.79795
9062.6 0.83268
9063.84 0.85722
9065.09 0.86391
9066.33 0.91685
9067.57 0.89253
9068.82 0.83621
9070.06 0.81828
9071.3 0.76519
9072.55 0.82945
9073.79 0.89366
9075.04 0.87081
9076.28 0.82594
9077.52 0.85163
9078.77 0.84568
9080.01 0.8112
9081.25 0.79729
9082.5 0.76876
9083.74 0.77199
9084.98 0.80005
9086.23 0.75466
9087.47 0.7121
9088.71 0.71001
9089.96 0.76235
9091.2 0.80388
9092.45 0.81338
9093.69 0.8286
9094.93 0.85237
9096.18 0.83597
9097.42 0.85817
9098.66 0.85782
9099.91 0.82338
9101.15 0.83731
9102.39 0.83463
9103.64 0.78512
9104.88 0.77383
9106.12 0.7679
9107.37 0.76006
9108.61 0.75149
9109.85 0.7946
9111.1 0.83203
9112.34 0.80677
9113.58 0.8449
9114.83 0.81943
9116.07 0.83149
9117.32 0.83816
9118.56 0.83205
9119.8 0.82193
9121.05 0.83797
9122.29 0.84969
9123.53 0.85904
9124.78 0.8119
9126.02 0.75398
9127.26 0.77897
9128.51 0.81823
9129.75 0.8284
9130.99 0.85471
9132.24 0.88122
9133.48 0.87612
9134.72 0.82911
9135.97 0.80249
9137.21 0.7874
9138.46 0.82127
9139.7 0.82285
9140.94 0.81573
9142.19 0.79908
9143.43 0.79359
9144.67 0.77463
9145.92 0.7996
9147.16 0.77687
9148.4 0.79182
9149.65 0.84485
9150.89 0.85009
9152.13 0.86041
9153.38 0.84371
9154.62 0.83185
9155.87 0.82901
9157.11 0.84588
9158.35 0.79193
9159.6 0.81453
9160.84 0.82084
9162.08 0.81655
9163.33 0.80611
9164.57 0.8131
9165.81 0.79636
9167.06 0.75806
9168.3 0.76134
9169.54 0.74444
9170.79 0.77419
9172.03 0.77473
9173.27 0.7845
9174.52 0.81323
9175.76 0.78551
9177.0 0.80541
9178.25 0.79666
9179.49 0.81881
9180.74 0.81582
9181.98 0.8191
9183.22 0.81171
9184.47 0.79055
9185.71 0.78412
9186.95 0.78263
9188.2 0.7852
9189.44 0.77339
9190.68 0.797
9191.93 0.79612
9193.17 0.81131
9194.41 0.80074
9195.66 0.78795
9196.9 0.78441
9198.14 0.80103
9199.39 0.81778
9200.63 0.79374
9201.88 0.76669
9203.12 0.75911
9204.36 0.76485
9205.61 0.79785
9206.85 0.79076
9208.09 0.7651
9209.34 0.76415
9210.58 0.75178
9211.82 0.74891
9213.07 0.72207
9214.31 0.74745
9215.55 0.73639
9216.8 0.73651
9218.04 0.746
9219.29 0.77296
9220.53 0.76717
9221.77 0.75441
9223.02 0.74164
9224.26 0.74231
9225.5 0.73713
9226.75 0.76974
9227.99 0.77182
9229.23 0.75203
9230.48 0.71537
9231.72 0.73978
9232.96 0.75654
9234.21 0.75254
9235.45 0.74721
9236.69 0.73371
9237.94 0.75623
9239.18 0.77556
9240.43 0.74773
9241.67 0.74625
9242.91 0.76347
9244.16 0.73522
9245.4 0.75529
9246.64 0.75462
9247.89 0.76343
9249.13 0.77009
9250.37 0.79677
9251.62 0.77103
9252.86 0.75557
9254.1 0.73919
9255.35 0.73937
9256.59 0.73309
9257.83 0.73547
9259.08 0.78788
9260.32 0.76999
9261.56 0.77064
9262.81 0.77564
9264.05 0.81366
9265.3 0.83125
9266.54 0.86245
9267.78 0.8562
9269.03 0.82759
9270.27 0.81631
9271.51 0.81421
9272.76 0.82733
9274.0 0.8344
9275.24 0.82433
9276.49 0.79879
9277.73 0.78296
9278.97 0.77618
9280.22 0.78721
9281.46 0.76442
9282.71 0.77355
9283.95 0.80471
9285.19 0.81082
9286.44 0.79366
9287.68 0.78714
9288.92 0.77956
9290.17 0.8029
9291.41 0.80693
9292.65 0.84049
9293.9 0.82558
9295.14 0.81968
9296.38 0.86699
9297.63 0.79076
9298.87 0.79088
9300.12 0.79122
9301.36 1.18988
