3282.089637	0.0
3304.964807	-1.7952e-34
3305.95938	-1.60493E-32
3306.953952	-6.20113E-17
3307.948525	1.16565E-15
3308.943098	4.18632E-15
3309.93767	7.64684E-15
3310.932243	1.09552E-14
3311.926815	1.4123e-14
3312.921388	1.61939E-14
3313.915961	1.67416E-14
3314.910533	1.71236E-14
3315.905106	1.70109E-14
3316.899678	1.61404E-14
3317.894251	1.54817E-14
3318.888824	1.56615E-14
3319.883396	1.60597E-14
3320.877969	1.61687E-14
3321.872542	1.60024E-14
3322.867114	1.56298E-14
3323.861687	1.55378E-14
3324.856259	1.51694E-14
3325.850832	1.48466E-14
3326.845405	1.44699E-14
3327.839977	1.35888E-14
3328.83455	1.2727e-14
3329.829122	1.19263E-14
3330.823695	1.15859E-14
3331.818268	1.18316E-14
3332.81284	1.24681E-14
3333.807413	1.26571E-14
3334.801986	1.31345E-14
3335.796558	1.32934E-14
3336.791131	1.3647e-14
3337.785703	1.44704E-14
3338.780276	1.51675E-14
3339.774849	1.48669E-14
3340.769421	1.40821E-14
3341.763994	1.33949E-14
3342.758567	1.28194E-14
3343.753139	1.26815E-14
3344.747712	1.33058E-14
3345.742284	1.35243E-14
3346.736857	1.34705E-14
3347.73143	1.3506e-14
3348.726002	1.31908E-14
3349.720575	1.29534E-14
3350.715147	1.3058e-14
3351.70972	1.3093e-14
3352.704293	1.31814E-14
3353.698865	1.35622E-14
3354.693438	1.37087E-14
3355.688011	1.44456E-14
3356.682583	1.49824E-14
3357.677156	1.52106E-14
3358.671728	1.51134E-14
3359.666301	1.50394E-14
3360.660874	1.48889E-14
3361.655446	1.4831e-14
3362.650019	1.45437E-14
3363.644591	1.38791E-14
3364.639164	1.31124E-14
3365.633737	1.23191E-14
3366.628309	1.20048E-14
3367.622882	1.17142E-14
3368.617455	1.18382E-14
3369.612027	1.17367E-14
3370.6066	1.17054E-14
3371.601172	1.15143E-14
3372.595745	1.16711E-14
3373.590318	1.20554E-14
3374.58489	1.26312E-14
3375.579463	1.32846E-14
3376.574035	1.32729E-14
3377.568608	1.31165E-14
3378.563181	1.26124E-14
3379.557753	1.1994e-14
3380.552326	1.13923E-14
3381.546899	1.16535E-14
3382.541471	1.18686E-14
3383.536044	1.20733E-14
3384.530616	1.26677E-14
3385.525189	1.29475E-14
3386.519762	1.25607E-14
3387.514334	1.25532E-14
3388.508907	1.24993E-14
3389.50348	1.268e-14
3390.498052	1.33897E-14
3391.492625	1.44716E-14
3392.487197	1.5034e-14
3393.48177	1.49988E-14
3394.476343	1.43332E-14
3395.470915	1.3195e-14
3396.465488	1.24527E-14
3397.46006	1.22547E-14
3398.454633	1.25557E-14
3399.449206	1.27334E-14
3400.443778	1.3326e-14
3401.438351	1.36811E-14
3402.432924	1.38059E-14
3403.427496	1.36747E-14
3404.422069	1.33483E-14
3405.416641	1.30084E-14
3406.411214	1.26884E-14
3407.405787	1.27531E-14
3408.400359	1.30613E-14
3409.394932	1.30419E-14
3410.389504	1.26354E-14
3411.384077	1.26273E-14
3412.37865	1.2302e-14
3413.373222	1.22757E-14
3414.367795	1.26023E-14
3415.362368	1.32473E-14
3416.35694	1.35786E-14
3417.351513	1.39204E-14
3418.346085	1.38972E-14
3419.340658	1.39488E-14
3420.335231	1.38521E-14
3421.329803	1.36402E-14
3422.324376	1.35205E-14
3423.318948	1.33684E-14
3424.313521	1.29946E-14
3425.308094	1.26045E-14
3426.302666	1.23204E-14
3427.297239	1.21602E-14
3428.291812	1.20514E-14
3429.286384	1.24835E-14
3430.280957	1.27888E-14
3431.275529	1.31427E-14
3432.270102	1.30908E-14
3433.264675	1.29914E-14
3434.259247	1.28213E-14
3435.25382	1.30793E-14
3436.248393	1.32386E-14
3437.242965	1.3592e-14
3438.237538	1.39519E-14
3439.23211	1.39825E-14
3440.226683	1.37824E-14
3441.221256	1.36295E-14
3442.215828	1.36089E-14
3443.210401	1.36106E-14
3444.204973	1.35575E-14
3445.199546	1.32988E-14
3446.194119	1.29306E-14
3447.188691	1.27533E-14
3448.183264	1.26723E-14
3449.177837	1.33292E-14
3450.172409	1.37421E-14
3451.166982	1.39492E-14
3452.161554	1.40987E-14
3453.156127	1.43076E-14
3454.1507	1.40426E-14
3455.145272	1.39888E-14
3456.139845	1.3928e-14
3457.134417	1.38408E-14
3458.12899	1.39593E-14
3459.123563	1.39751E-14
3460.118135	1.40223E-14
3461.112708	1.40998E-14
3462.107281	1.42932E-14
3463.101853	1.45713E-14
3464.096426	1.48943E-14
3465.090998	1.4853e-14
3466.085571	1.44298E-14
3467.080144	1.41066E-14
3468.074716	1.38331E-14
3469.069289	1.37035E-14
3470.063862	1.38585E-14
3471.058434	1.40522E-14
3472.053007	1.42401E-14
3473.047579	1.42059E-14
3474.042152	1.42054E-14
3475.036725	1.41218E-14
3476.031297	1.40185E-14
3477.02587	1.40196E-14
3478.020442	1.42963E-14
3479.015015	1.44173E-14
3480.009588	1.45292E-14
3481.00416	1.45907E-14
3481.998733	1.43848E-14
3482.993306	1.41994E-14
3483.987878	1.42377E-14
3484.982451	1.44529E-14
3485.977023	1.50292E-14
3486.971596	1.53811E-14
3487.966169	1.58444E-14
3488.960741	1.59631E-14
3489.955314	1.58639E-14
3490.949886	1.53546E-14
3491.944459	1.5392e-14
3492.939032	1.51125E-14
3493.933604	1.50079E-14
3494.928177	1.49711E-14
3495.92275	1.50987E-14
3496.917322	1.51103E-14
3497.911895	1.55852E-14
3498.906467	1.6194e-14
3499.90104	1.64287E-14
3500.895613	1.60922E-14
3501.890185	1.55209E-14
3502.884758	1.48067E-14
3503.87933	1.42734E-14
3504.873903	1.40735E-14
3505.868476	1.41956E-14
3506.863048	1.41881E-14
3507.857621	1.44184E-14
3508.852194	1.44672E-14
3509.846766	1.44041E-14
3510.841339	1.44639E-14
3511.835911	1.46997E-14
3512.830484	1.47842E-14
3513.825057	1.51668E-14
3514.819629	1.56371E-14
3515.814202	1.58744E-14
3516.808775	1.59685E-14
3517.803347	1.57936E-14
3518.79792	1.54159E-14
3519.792492	1.51715E-14
3520.787065	1.50811E-14
3521.781638	1.51907E-14
3522.77621	1.53272E-14
3523.770783	1.56223E-14
3524.765355	1.56425E-14
3525.759928	1.55201E-14
3526.754501	1.57262E-14
3527.749073	1.63127E-14
3528.743646	1.64738E-14
3529.738219	1.64384E-14
3530.732791	1.62379E-14
3531.727364	1.5631e-14
3532.721936	1.49004E-14
3533.716509	1.45679E-14
3534.711082	1.46507E-14
3535.705654	1.46205E-14
3536.700227	1.45043E-14
3537.694799	1.48555E-14
3538.689372	1.51561E-14
3539.683945	1.52515E-14
3540.678517	1.5178e-14
3541.67309	1.51215E-14
3542.667663	1.45686E-14
3543.662235	1.40347E-14
3544.656808	1.38493E-14
3545.65138	1.38734E-14
3546.645953	1.39277E-14
3547.640526	1.40353E-14
3548.635098	1.41173E-14
3549.629671	1.38361E-14
3550.624244	1.35839E-14
3551.618816	1.33374E-14
3552.613389	1.31237E-14
3553.607961	1.31676E-14
3554.602534	1.34888E-14
3555.597107	1.37565E-14
3556.591679	1.38576E-14
3557.586252	1.37963E-14
3558.580824	1.35135E-14
3559.575397	1.34455E-14
3560.56997	1.35339E-14
3561.564542	1.37438E-14
3562.559115	1.36767E-14
3563.553688	1.33173E-14
3564.54826	1.30384E-14
3565.542833	1.32119E-14
3566.537405	1.3521e-14
3567.531978	1.39417E-14
3568.526551	1.40321E-14
3569.521123	1.36165E-14
3570.515696	1.30823E-14
3571.510268	1.28864E-14
3572.504841	1.32875E-14
3573.499414	1.37802E-14
3574.493986	1.41322E-14
3575.488559	1.41902E-14
3576.483132	1.42232E-14
3577.477704	1.39952E-14
3578.472277	1.39262E-14
3579.466849	1.38056E-14
3580.461422	1.35804E-14
3581.455995	1.3232e-14
3582.450567	1.30988E-14
3583.44514	1.2785e-14
3584.439712	1.24059E-14
3585.434285	1.23284E-14
3586.428858	1.23809E-14
3587.42343	1.25795E-14
3588.418003	1.31949E-14
3589.412576	1.35514E-14
3590.407148	1.35119E-14
3591.401721	1.35017E-14
3592.396293	1.33821E-14
3593.390866	1.30129E-14
3594.385439	1.31501E-14
3595.380011	1.30256E-14
3596.374584	1.26089E-14
3597.369157	1.23063E-14
3598.363729	1.21174E-14
3599.358302	1.19195E-14
3600.352874	1.22702E-14
3601.347447	1.25741E-14
3602.34202	1.24031E-14
3603.336592	1.20935E-14
3604.331165	1.19462E-14
3605.325737	1.19193E-14
3606.32031	1.21533E-14
3607.314883	1.24265E-14
3608.309455	1.26407E-14
3609.304028	1.26928E-14
3610.298601	1.28044E-14
3611.293173	1.27986E-14
3612.287746	1.27113E-14
3613.282318	1.25531E-14
3614.276891	1.2424e-14
3615.271464	1.22828E-14
3616.266036	1.2301e-14
3617.260609	1.2399e-14
3618.255181	1.23793E-14
3619.249754	1.23144E-14
3620.244327	1.23688E-14
3621.238899	1.23256E-14
3622.233472	1.20988E-14
3623.228045	1.20733E-14
3624.222617	1.20153E-14
3625.21719	1.18393E-14
3626.211762	1.17575E-14
3627.206335	1.17617E-14
3628.200908	1.16776E-14
3629.19548	1.18524E-14
3630.190053	1.1956e-14
3631.184625	1.18238E-14
3632.179198	1.17354E-14
3633.173771	1.17394E-14
3634.168343	1.18092E-14
3635.162916	1.18595E-14
3636.157489	1.19385E-14
3637.152061	1.19247E-14
3638.146634	1.17936E-14
3639.141206	1.18523E-14
3640.135779	1.21906E-14
3641.130352	1.25549E-14
3642.124924	1.27209E-14
3643.119497	1.28636E-14
3644.11407	1.27532E-14
3645.108642	1.25374E-14
3646.103215	1.24339E-14
3647.097787	1.26147E-14
3648.09236	1.2902e-14
3649.086933	1.29889E-14
3650.081505	1.27796E-14
3651.076078	1.2458e-14
3652.07065	1.2237e-14
3653.065223	1.2195e-14
3654.059796	1.23643E-14
3655.054368	1.26019E-14
3656.048941	1.26872E-14
3657.043514	1.26663E-14
3658.038086	1.26874E-14
3659.032659	1.27503E-14
3660.027231	1.27616E-14
3661.021804	1.27896E-14
3662.016377	1.27465E-14
3663.010949	1.26074E-14
3664.005522	1.24981E-14
3665.000094	1.25435E-14
3665.994667	1.25722E-14
3666.98924	1.26891E-14
3667.983812	1.262e-14
3668.978385	1.24411E-14
3669.972958	1.23709E-14
3670.96753	1.25373E-14
3671.962103	1.28648E-14
3672.956675	1.32283E-14
3673.951248	1.32373E-14
3674.945821	1.28356E-14
3675.940393	1.23996E-14
3676.934966	1.20849E-14
3677.929539	1.21326E-14
3678.924111	1.25441E-14
3679.918684	1.28448E-14
3680.913256	1.2977e-14
3681.907829	1.27297E-14
3682.902402	1.23609E-14
3683.896974	1.19667E-14
3684.891547	1.18441E-14
3685.886119	1.16554E-14
3686.880692	1.16667E-14
3687.875265	1.16927E-14
3688.869837	1.17217E-14
3689.86441	1.15941E-14
3690.858983	1.14824E-14
3691.853555	1.1446e-14
3692.848128	1.12228E-14
3693.8427	1.10868E-14
3694.837273	1.10494E-14
3695.831846	1.1032e-14
3696.826418	1.08678E-14
3697.820991	1.08835E-14
3698.815563	1.08369E-14
3699.810136	1.08181E-14
3700.804709	1.09822E-14
3701.799281	1.11707E-14
3702.793854	1.12637E-14
3703.788427	1.14268E-14
3704.782999	1.15943E-14
3705.777572	1.16949E-14
3706.772144	1.18866E-14
3707.766717	1.19876E-14
3708.76129	1.18537E-14
3709.755862	1.17655E-14
3710.750435	1.14918E-14
3711.745007	1.15027E-14
3712.73958	1.14992E-14
3713.734153	1.15777E-14
3714.728725	1.17153E-14
3715.723298	1.19636E-14
3716.717871	1.17664E-14
3717.712443	1.1666e-14
3718.707016	1.17463E-14
3719.701588	1.1914e-14
3720.696161	1.20951E-14
3721.690734	1.24934E-14
3722.685306	1.27593E-14
3723.679879	1.3011e-14
3724.674452	1.32375E-14
3725.669024	1.34672E-14
3726.663597	1.33995E-14
3727.658169	1.32852E-14
3728.652742	1.30526E-14
3729.647315	1.30574E-14
3730.641887	1.31213E-14
3731.63646	1.31801E-14
3732.631032	1.33135E-14
3733.625605	1.3406e-14
3734.620178	1.34863E-14
3735.61475	1.34441E-14
3736.609323	1.34065E-14
3737.603896	1.32225E-14
3738.598468	1.30673E-14
3739.593041	1.27158E-14
3740.587613	1.25809E-14
3741.582186	1.25448E-14
3742.576759	1.27386E-14
3743.571331	1.31554E-14
3744.565904	1.37052E-14
3745.560476	1.38441E-14
3746.555049	1.37011E-14
3747.549622	1.36276E-14
3748.544194	1.36042E-14
3749.538767	1.36413E-14
3750.53334	1.37447E-14
3751.527912	1.37833E-14
3752.522485	1.36617E-14
3753.517057	1.36699E-14
3754.51163	1.38764E-14
3755.506203	1.39646E-14
3756.500775	1.39291E-14
3757.495348	1.40138E-14
3758.489921	1.41769E-14
3759.484493	1.4306e-14
3760.479066	1.44423E-14
3761.473638	1.46566E-14
3762.468211	1.47258E-14
3763.462784	1.47889E-14
3764.457356	1.48203E-14
3765.451929	1.47483E-14
3766.446501	1.45324E-14
3767.441074	1.44714E-14
3768.435647	1.47103E-14
3769.430219	1.52018E-14
3770.424792	1.57308E-14
3771.419365	1.6078e-14
3772.413937	1.6094e-14
3773.40851	1.58592E-14
3774.403082	1.55491E-14
3775.397655	1.51415E-14
3776.392228	1.48625E-14
3777.3868	1.48336E-14
3778.381373	1.48872E-14
3779.375945	1.49202E-14
3780.370518	1.50323E-14
3781.365091	1.50378E-14
3782.359663	1.49621E-14
3783.354236	1.49108E-14
3784.348809	1.50852E-14
3785.343381	1.54282E-14
3786.337954	1.57322E-14
3787.332526	1.59996E-14
3788.327099	1.64039E-14
3789.321672	1.66444E-14
3790.316244	1.66778E-14
3791.310817	1.66434E-14
3792.305389	1.64212E-14
3793.299962	1.62017E-14
3794.294535	1.622e-14
3795.289107	1.63154E-14
3796.28368	1.64392E-14
3797.278253	1.66043E-14
3798.272825	1.66241E-14
3799.267398	1.65872E-14
3800.26197	1.66218E-14
3801.256543	1.64489E-14
3802.251116	1.61417E-14
3803.245688	1.57767E-14
3804.240261	1.57572E-14
3805.234834	1.57797E-14
3806.229406	1.5899e-14
3807.223979	1.60507E-14
3808.218551	1.61994E-14
3809.213124	1.61832E-14
3810.207697	1.63091E-14
3811.202269	1.64629E-14
3812.196842	1.65663E-14
3813.191414	1.66619E-14
3814.185987	1.67066E-14
3815.18056	1.66417E-14
3816.175132	1.6614e-14
3817.169705	1.66215E-14
3818.164278	1.67001E-14
3819.15885	1.67347E-14
3820.153423	1.67998E-14
3821.147995	1.68867E-14
3822.142568	1.68469E-14
3823.137141	1.66303E-14
3824.131713	1.64937E-14
3825.126286	1.65248E-14
3826.120858	1.6728e-14
3827.115431	1.69583E-14
3828.110004	1.70645E-14
3829.104576	1.6996e-14
3830.099149	1.68395E-14
3831.093722	1.66968E-14
3832.088294	1.6696e-14
3833.082867	1.67143E-14
3834.077439	1.66595E-14
3835.072012	1.66237E-14
3836.066585	1.68155E-14
3837.061157	1.71391E-14
3838.05573	1.72369E-14
3839.050302	1.74567E-14
3840.044875	1.75547E-14
3841.039448	1.76505E-14
3842.03402	1.76448E-14
3843.028593	1.76852E-14
3844.023166	1.75374E-14
3845.017738	1.76436E-14
3846.012311	1.7694e-14
3847.006883	1.77073E-14
3848.001456	1.783e-14
3848.996029	1.79862E-14
3849.990601	1.83016E-14
3850.985174	1.85732E-14
3851.979747	1.87294E-14
3852.974319	1.84986E-14
3853.968892	1.81783E-14
3854.963464	1.79002E-14
3855.958037	1.78781E-14
3856.95261	1.79342E-14
3857.947182	1.8059e-14
3858.941755	1.81782E-14
3859.936327	1.82404E-14
3860.9309	1.8194e-14
3861.925473	1.81135E-14
3862.920045	1.79248E-14
3863.914618	1.77975E-14
3864.909191	1.77316E-14
3865.903763	1.76762E-14
3866.898336	1.75148E-14
3867.892908	1.73023E-14
3868.887481	1.70376E-14
3869.882054	1.70122E-14
3870.876626	1.72075E-14
3871.871199	1.72918E-14
3872.865771	1.73602E-14
3873.860344	1.71251E-14
3874.854917	1.66899E-14
3875.849489	1.63448E-14
3876.844062	1.62093E-14
3877.838635	1.63075E-14
3878.833207	1.6641e-14
3879.82778	1.6816e-14
3880.822352	1.68462E-14
3881.816925	1.68075E-14
3882.811498	1.65776E-14
3883.80607	1.64857E-14
3884.800643	1.64757E-14
3885.795216	1.64365E-14
3886.789788	1.63087E-14
3887.784361	1.62993E-14
3888.778933	1.63217E-14
3889.773506	1.64145E-14
3890.768079	1.65745E-14
3891.762651	1.67915E-14
3892.757224	1.67967E-14
3893.751796	1.66117E-14
3894.746369	1.64127E-14
3895.740942	1.6385e-14
3896.735514	1.63545E-14
3897.730087	1.62716E-14
3898.72466	1.61566E-14
3899.719232	1.60455E-14
3900.713805	1.60599E-14
3901.708377	1.63277E-14
3902.70295	1.65915E-14
3903.697523	1.66415E-14
3904.692095	1.64682E-14
3905.686668	1.61132E-14
3906.68124	1.58002E-14
3907.675813	1.57139E-14
3908.670386	1.5607e-14
3909.664958	1.55195E-14
3910.659531	1.53333E-14
3911.654104	1.52062E-14
3912.648676	1.50599E-14
3913.643249	1.50432E-14
3914.637821	1.49955E-14
3915.632394	1.51129E-14
3916.626967	1.52806E-14
3917.621539	1.55251E-14
3918.616112	1.58758E-14
3919.610684	1.61912E-14
3920.605257	1.6204e-14
3921.59983	1.60053E-14
3922.594402	1.57297E-14
3923.588975	1.55433E-14
3924.583548	1.55882E-14
3925.57812	1.58628E-14
3926.572693	1.61328E-14
3927.567265	1.6249e-14
3928.561838	1.60857E-14
3929.556411	1.57677E-14
3930.550983	1.53851E-14
3931.545556	1.49137E-14
3932.540129	1.4669e-14
3933.534701	1.44647E-14
3934.529274	1.441e-14
3935.523846	1.45898E-14
3936.518419	1.4968e-14
3937.512992	1.52491E-14
3938.507564	1.56325E-14
3939.502137	1.58696E-14
3940.496709	1.59458E-14
3941.491282	1.60025E-14
3942.485855	1.59843E-14
3943.480427	1.58941E-14
3944.475	1.57599E-14
3945.469573	1.57881E-14
3946.464145	1.57375E-14
3947.458718	1.57587E-14
3948.45329	1.58122E-14
3949.447863	1.59508E-14
3950.442436	1.6117e-14
3951.437008	1.64387E-14
3952.431581	1.66169E-14
3953.426153	1.653e-14
3954.420726	1.63942E-14
3955.415299	1.63382E-14
3956.409871	1.62289E-14
3957.404444	1.62791E-14
3958.399017	1.63773E-14
3959.393589	1.64256E-14
3960.388162	1.64645E-14
3961.382734	1.66288E-14
3962.377307	1.66792E-14
3963.37188	1.66563E-14
3964.366452	1.65656E-14
3965.361025	1.65863E-14
3966.355598	1.67276E-14
3967.35017	1.68693E-14
3968.344743	1.68435E-14
3969.339315	1.67272E-14
3970.333888	1.65426E-14
3971.328461	1.63822E-14
3972.323033	1.63493E-14
3973.317606	1.64929E-14
3974.312178	1.65126E-14
3975.306751	1.63821E-14
3976.301324	1.62691E-14
3977.295896	1.62011E-14
3978.290469	1.63313E-14
3979.285042	1.63956E-14
3980.279614	1.63604E-14
3981.274187	1.62166E-14
3982.268759	1.60463E-14
3983.263332	1.59057E-14
3984.257905	1.61736E-14
3985.252477	1.66089E-14
3986.24705	1.68889E-14
3987.241622	1.71841E-14
3988.236195	1.73844E-14
3989.230768	1.73954E-14
3990.22534	1.74226E-14
3991.219913	1.74943E-14
3992.214486	1.73884E-14
3993.209058	1.72e-14
3994.203631	1.7046e-14
3995.198203	1.68557E-14
3996.192776	1.66324E-14
3997.187349	1.65475E-14
3998.181921	1.64879E-14
3999.176494	1.63286E-14
4000.171066	1.6288e-14
4001.165639	1.63583E-14
4002.160212	1.63355E-14
4003.154784	1.63394E-14
4004.149357	1.64374E-14
4005.14393	1.65146E-14
4006.138502	1.65844E-14
4007.133075	1.65885E-14
4008.127647	1.66345E-14
4009.12222	1.67765E-14
4010.116793	1.67835E-14
4011.111365	1.68554E-14
4012.105938	1.67372E-14
4013.100511	1.65116E-14
4014.095083	1.62925E-14
4015.089656	1.62628E-14
4016.084228	1.61271E-14
4017.078801	1.60278E-14
4018.073374	1.58448E-14
4019.067946	1.56317E-14
4020.062519	1.55096E-14
4021.057091	1.56002E-14
4022.051664	1.58315E-14
4023.046237	1.60906E-14
4024.040809	1.63921E-14
4025.035382	1.65056E-14
4026.029955	1.63876E-14
4027.024527	1.63307E-14
4028.0191	1.64295E-14
4029.013672	1.65724E-14
4030.008245	1.68121E-14
4031.002818	1.69786E-14
4031.99739	1.70543E-14
4032.991963	1.70631E-14
4033.986535	1.71048E-14
4034.981108	1.71188E-14
4035.975681	1.70284E-14
4036.970253	1.67673E-14
4037.964826	1.64535E-14
4038.959399	1.609e-14
4039.953971	1.58845E-14
4040.948544	1.59047E-14
4041.943116	1.60113E-14
4042.937689	1.62261E-14
4043.932262	1.64854E-14
4044.926834	1.66728E-14
4045.921407	1.69596E-14
4046.915979	1.73451E-14
4047.910552	1.75834E-14
4048.905125	1.76768E-14
4049.899697	1.76779E-14
4050.89427	1.75285E-14
4051.888843	1.72848E-14
4052.883415	1.70991E-14
4053.877988	1.69752E-14
4054.87256	1.69938E-14
4055.867133	1.72117E-14
4056.861706	1.76229E-14
4057.856278	1.80708E-14
4058.850851	1.83958E-14
4059.845424	1.84741E-14
4060.839996	1.83859E-14
4061.834569	1.80687E-14
4062.829141	1.76155E-14
4063.823714	1.70312E-14
4064.818287	1.65066E-14
4065.812859	1.6119e-14
4066.807432	1.60244E-14
4067.802004	1.61702E-14
4068.796577	1.65031E-14
4069.79115	1.67877E-14
4070.785722	1.6983e-14
4071.780295	1.69398E-14
4072.774868	1.68312E-14
4073.76944	1.67795E-14
4074.764013	1.66978E-14
4075.758585	1.66029E-14
4076.753158	1.66517E-14
4077.747731	1.66158E-14
4078.742303	1.64769E-14
4079.736876	1.63879E-14
4080.731448	1.63402E-14
4081.726021	1.62288E-14
4082.720594	1.61022E-14
4083.715166	1.59504E-14
4084.709739	1.58637E-14
4085.704312	1.57309E-14
4086.698884	1.56862E-14
4087.693457	1.579e-14
4088.688029	1.60095E-14
4089.682602	1.62168E-14
4090.677175	1.64983E-14
4091.671747	1.67012E-14
4092.66632	1.68879E-14
4093.660893	1.69649E-14
4094.655465	1.70583E-14
4095.650038	1.70848E-14
4096.64461	1.70276E-14
4097.639183	1.68571E-14
4098.633756	1.67574E-14
4099.628328	1.66948E-14
4100.622901	1.67838E-14
4101.617473	1.68468E-14
4102.612046	1.68038E-14
4103.606619	1.67949E-14
4104.601191	1.67766E-14
4105.595764	1.67934E-14
4106.590337	1.69008E-14
4107.584909	1.69802E-14
4108.579482	1.69128E-14
4109.574054	1.6828e-14
4110.568627	1.67409E-14
4111.5632	1.66411E-14
4112.557772	1.66081E-14
4113.552345	1.67499E-14
4114.546917	1.69718E-14
4115.54149	1.71857E-14
4116.536063	1.73623E-14
4117.530635	1.73559E-14
4118.525208	1.7313e-14
4119.519781	1.72718E-14
4120.514353	1.71301E-14
4121.508926	1.69951E-14
4122.503498	1.70397E-14
4123.498071	1.70167E-14
4124.492644	1.7086e-14
4125.487216	1.71982E-14
4126.481789	1.71956E-14
4127.476361	1.71646E-14
4128.470934	1.72159E-14
4129.465507	1.7222e-14
4130.460079	1.72209E-14
4131.454652	1.71705E-14
4132.449225	1.70363E-14
4133.443797	1.69129E-14
4134.43837	1.68177E-14
4135.432942	1.66355E-14
4136.427515	1.64945E-14
4137.422088	1.64263E-14
4138.41666	1.63882E-14
4139.411233	1.64539E-14
4140.405806	1.66548E-14
4141.400378	1.68023E-14
4142.394951	1.6904e-14
4143.389523	1.69148E-14
4144.384096	1.68591E-14
4145.378669	1.68588E-14
4146.373241	1.68975E-14
4147.367814	1.68962E-14
4148.362386	1.69054E-14
4149.356959	1.69136E-14
4150.351532	1.68535E-14
4151.346104	1.6735e-14
4152.340677	1.66411E-14
4153.33525	1.65683E-14
4154.329822	1.65469E-14
4155.324395	1.66878E-14
4156.318967	1.68705E-14
4157.31354	1.70097E-14
4158.308113	1.71066E-14
4159.302685	1.71373E-14
4160.297258	1.70499E-14
4161.29183	1.69271E-14
4162.286403	1.67527E-14
4163.280976	1.65091E-14
4164.275548	1.63169E-14
4165.270121	1.62133E-14
4166.264694	1.62264E-14
4167.259266	1.62408E-14
4168.253839	1.62664E-14
4169.248411	1.61987E-14
4170.242984	1.60211E-14
4171.237557	1.57309E-14
4172.232129	1.55522E-14
4173.226702	1.55887E-14
4174.221275	1.57866E-14
4175.215847	1.59319E-14
4176.21042	1.61569E-14
4177.204992	1.62456E-14
4178.199565	1.62322E-14
4179.194138	1.62277E-14
4180.18871	1.63447E-14
4181.183283	1.6326e-14
4182.177855	1.62981E-14
4183.172428	1.62384E-14
4184.167001	1.61582E-14
4185.161573	1.60821E-14
4186.156146	1.60831E-14
4187.150719	1.60983E-14
4188.145291	1.59032E-14
4189.139864	1.55645E-14
4190.134436	1.52656E-14
4191.129009	1.50379E-14
4192.123582	1.49347E-14
4193.118154	1.50584E-14
4194.112727	1.51709E-14
4195.107299	1.52804E-14
4196.101872	1.5289e-14
4197.096445	1.54326E-14
4198.091017	1.5385e-14
4199.08559	1.51334E-14
4200.080163	1.47746E-14
4201.074735	1.46281E-14
4202.069308	1.45516E-14
4203.06388	1.47777E-14
4204.058453	1.50526E-14
4205.053026	1.51115E-14
4206.047598	1.50155E-14
4207.042171	1.49027E-14
4208.036743	1.48644E-14
4209.031316	1.49624E-14
4210.025889	1.50435E-14
4211.020461	1.50002E-14
4212.015034	1.49215E-14
4213.009607	1.48302E-14
4214.004179	1.47259E-14
4214.998752	1.47072E-14
4215.993324	1.46326E-14
4216.987897	1.45009E-14
4217.98247	1.43703E-14
4218.977042	1.43102E-14
4219.971615	1.42423E-14
4220.966188	1.42048E-14
4221.96076	1.41388E-14
4222.955333	1.40697E-14
4223.949905	1.40022E-14
4224.944478	1.40912E-14
4225.939051	1.43092E-14
4226.933623	1.45577E-14
4227.928196	1.47175E-14
4228.922768	1.47577E-14
4229.917341	1.46402E-14
4230.911914	1.44204E-14
4231.906486	1.41451E-14
4232.901059	1.40224E-14
4233.895632	1.39462E-14
4234.890204	1.39716E-14
4235.884777	1.40472E-14
4236.879349	1.41941E-14
4237.873922	1.42227E-14
4238.868495	1.43001E-14
4239.863067	1.44169E-14
4240.85764	1.45546E-14
4241.852212	1.45447E-14
4242.846785	1.453e-14
4243.841358	1.44831E-14
4244.83593	1.43859E-14
4245.830503	1.43189E-14
4246.825076	1.42107E-14
4247.819648	1.40179E-14
4248.814221	1.38348E-14
4249.808793	1.3698e-14
4250.803366	1.36279E-14
4251.797939	1.37209E-14
4252.792511	1.38437E-14
4253.787084	1.3804e-14
4254.781657	1.38285E-14
4255.776229	1.39175E-14
4256.770802	1.3882e-14
4257.765374	1.38729E-14
4258.759947	1.39634E-14
4259.75452	1.39372E-14
4260.749092	1.39404E-14
4261.743665	1.40985E-14
4262.738237	1.43519E-14
4263.73281	1.46528E-14
4264.727383	1.50041E-14
4265.721955	1.51593E-14
4266.716528	1.49112E-14
4267.711101	1.4456e-14
4268.705673	1.39843E-14
4269.700246	1.35028E-14
4270.694818	1.32651E-14
4271.689391	1.33412E-14
4272.683964	1.36213E-14
4273.678536	1.38347E-14
4274.673109	1.4134e-14
4275.667681	1.44363E-14
4276.662254	1.47104E-14
4277.656827	1.48475E-14
4278.651399	1.51154E-14
4279.645972	1.52304E-14
4280.640545	1.51e-14
4281.635117	1.48568E-14
4282.62969	1.45806E-14
4283.624262	1.43589E-14
4284.618835	1.43076E-14
4285.613408	1.45053E-14
4286.60798	1.47875E-14
4287.602553	1.51224E-14
4288.597125	1.54149E-14
4289.591698	1.5537e-14
4290.586271	1.54589E-14
4291.580843	1.53647E-14
4292.575416	1.52744E-14
4293.569989	1.51354E-14
4294.564561	1.51793E-14
4295.559134	1.53738E-14
4296.553706	1.55265E-14
4297.548279	1.56273E-14
4298.542852	1.57819E-14
4299.537424	1.58058E-14
4300.531997	1.56865E-14
4301.52657	1.56783E-14
4302.521142	1.56333E-14
4303.515715	1.55345E-14
4304.510287	1.55487E-14
4305.50486	1.57266E-14
4306.499433	1.58533E-14
4307.494005	1.60136E-14
4308.488578	1.60512E-14
4309.48315	1.58347E-14
4310.477723	1.54699E-14
4311.472296	1.5151e-14
4312.466868	1.48599E-14
4313.461441	1.46788E-14
4314.456014	1.46321E-14
4315.450586	1.46641E-14
4316.445159	1.47231E-14
4317.439731	1.48375E-14
4318.434304	1.49276E-14
4319.428877	1.50828E-14
4320.423449	1.52514E-14
4321.418022	1.52992E-14
4322.412594	1.53032E-14
4323.407167	1.52541E-14
4324.40174	1.51788E-14
4325.396312	1.5146e-14
4326.390885	1.51814E-14
4327.385458	1.52038E-14
4328.38003	1.52405E-14
4329.374603	1.52509E-14
4330.369175	1.53007E-14
4331.363748	1.55423E-14
4332.358321	1.58011E-14
4333.352893	1.60662E-14
4334.347466	1.63153E-14
4335.342038	1.65065E-14
4336.336611	1.65156E-14
4337.331184	1.65591E-14
4338.325756	1.67096E-14
4339.320329	1.69208E-14
4340.314902	1.71022E-14
4341.309474	1.72565E-14
4342.304047	1.72183E-14
4343.298619	1.70039E-14
4344.293192	1.67665E-14
4345.287765	1.66333E-14
4346.282337	1.65977E-14
4347.27691	1.67157E-14
4348.271483	1.69085E-14
4349.266055	1.70262E-14
4350.260628	1.70986E-14
4351.2552	1.70972E-14
4352.249773	1.70388E-14
4353.244346	1.68554E-14
4354.238918	1.6656e-14
4355.233491	1.6436e-14
4356.228063	1.63031E-14
4357.222636	1.62417E-14
4358.217209	1.63043E-14
4359.211781	1.64222E-14
4360.206354	1.657e-14
4361.200927	1.66136E-14
4362.195499	1.65949E-14
4363.190072	1.65693E-14
4364.184644	1.66113E-14
4365.179217	1.66547E-14
4366.17379	1.67321E-14
4367.168362	1.67511E-14
4368.162935	1.66773E-14
4369.157507	1.65853E-14
4370.15208	1.64704E-14
4371.146653	1.625e-14
4372.141225	1.60298E-14
4373.135798	1.58684E-14
4374.130371	1.58039E-14
4375.124943	1.59103E-14
4376.119516	1.61287E-14
4377.114088	1.62706E-14
4378.108661	1.63355E-14
4379.103234	1.62765E-14
4380.097806	1.62721E-14
4381.092379	1.64916E-14
4382.086952	1.68478E-14
4383.081524	1.71454E-14
4384.076097	1.73336E-14
4385.070669	1.73517E-14
4386.065242	1.72951E-14
4387.059815	1.73436E-14
4388.054387	1.74217E-14
4389.04896	1.76149E-14
4390.043532	1.77849E-14
4391.038105	1.79608E-14
4392.032678	1.80571E-14
4393.02725	1.81498E-14
4394.021823	1.80379E-14
4395.016396	1.78734E-14
4396.010968	1.78133E-14
4397.005541	1.77687E-14
4398.000113	1.78562E-14
4398.994686	1.79074E-14
4399.989259	1.79661E-14
4400.983831	1.79085E-14
4401.978404	1.79107E-14
4402.972976	1.78604E-14
4403.967549	1.79245E-14
4404.962122	1.79637E-14
4405.956694	1.80308E-14
4406.951267	1.78963E-14
4407.94584	1.76881E-14
4408.940412	1.75808E-14
4409.934985	1.76001E-14
4410.929557	1.76535E-14
4411.92413	1.78138E-14
4412.918703	1.78699E-14
4413.913275	1.77711E-14
4414.907848	1.75901E-14
4415.90242	1.75626E-14
4416.896993	1.76661E-14
4417.891566	1.78062E-14
4418.886138	1.79884E-14
4419.880711	1.8226e-14
4420.875284	1.83148E-14
4421.869856	1.82523E-14
4422.864429	1.81465E-14
4423.859001	1.80991E-14
4424.853574	1.80764E-14
4425.848147	1.81831E-14
4426.842719	1.83893E-14
4427.837292	1.85179E-14
4428.831865	1.84528E-14
4429.826437	1.82346E-14
4430.82101	1.78954E-14
4431.815582	1.75278E-14
4432.810155	1.71523E-14
4433.804728	1.68514E-14
4434.7993	1.68614E-14
4435.793873	1.71078E-14
4436.788445	1.74283E-14
4437.783018	1.75984E-14
4438.777591	1.75148E-14
4439.772163	1.72289E-14
4440.766736	1.69543E-14
4441.761309	1.68414E-14
4442.755881	1.69997E-14
4443.750454	1.71961E-14
4444.745026	1.74215E-14
4445.739599	1.77093E-14
4446.734172	1.7919e-14
4447.728744	1.80837E-14
4448.723317	1.81819E-14
4449.717889	1.81605E-14
4450.712462	1.81718E-14
4451.707035	1.82208E-14
4452.701607	1.81286E-14
4453.69618	1.8014e-14
4454.690753	1.78787E-14
4455.685325	1.77661E-14
4456.679898	1.76434E-14
4457.67447	1.75544E-14
4458.669043	1.74473E-14
4459.663616	1.72855E-14
4460.658188	1.7183e-14
4461.652761	1.7308e-14
4462.647334	1.73877E-14
4463.641906	1.74373E-14
4464.636479	1.75771E-14
4465.631051	1.76647E-14
4466.625624	1.76615E-14
4467.620197	1.76868E-14
4468.614769	1.76521E-14
4469.609342	1.75294E-14
4470.603914	1.74845E-14
4471.598487	1.75131E-14
4472.59306	1.74869E-14
4473.587632	1.74816E-14
4474.582205	1.74342E-14
4475.576778	1.74116E-14
4476.57135	1.74462E-14
4477.565923	1.75985E-14
4478.560495	1.76885E-14
4479.555068	1.76879E-14
4480.549641	1.75602E-14
4481.544213	1.74676E-14
4482.538786	1.75089E-14
4483.533358	1.7554e-14
4484.527931	1.76135E-14
4485.522504	1.75535E-14
4486.517076	1.73204E-14
4487.511649	1.70395E-14
4488.506222	1.69816E-14
4489.500794	1.70614E-14
4490.495367	1.72541E-14
4491.489939	1.76001E-14
4492.484512	1.79849E-14
4493.479085	1.83189E-14
4494.473657	1.85214E-14
4495.46823	1.85025E-14
4496.462802	1.82013E-14
4497.457375	1.77996E-14
4498.451948	1.74701E-14
4499.44652	1.72965E-14
4500.441093	1.72015E-14
4501.435666	1.71721E-14
4502.430238	1.70428E-14
4503.424811	1.69674E-14
4504.419383	1.69451E-14
4505.413956	1.70826E-14
4506.408529	1.72226E-14
4507.403101	1.73906E-14
4508.397674	1.74636E-14
4509.392247	1.75288E-14
4510.386819	1.7632e-14
4511.381392	1.77386E-14
4512.375964	1.78215E-14
4513.370537	1.78496E-14
4514.36511	1.77516E-14
4515.359682	1.74788E-14
4516.354255	1.72767E-14
4517.348827	1.71708E-14
4518.3434	1.71122E-14
4519.337973	1.71987E-14
4520.332545	1.72219E-14
4521.327118	1.72013E-14
4522.321691	1.71239E-14
4523.316263	1.69864E-14
4524.310836	1.66357E-14
4525.305408	1.63009E-14
4526.299981	1.60941E-14
4527.294554	1.61924E-14
4528.289126	1.65601E-14
4529.283699	1.71021E-14
4530.278271	1.74693E-14
4531.272844	1.74632E-14
4532.267417	1.72212E-14
4533.261989	1.69357E-14
4534.256562	1.661e-14
4535.251135	1.63458E-14
4536.245707	1.62422E-14
4537.24028	1.62328E-14
4538.234852	1.6273e-14
4539.229425	1.65432E-14
4540.223998	1.65989E-14
4541.21857	1.65498E-14
4542.213143	1.63498E-14
4543.207715	1.6131e-14
4544.202288	1.60007E-14
4545.196861	1.62272E-14
4546.191433	1.64277E-14
4547.186006	1.67163E-14
4548.180579	1.69484E-14
4549.175151	1.70861E-14
4550.169724	1.70018E-14
4551.164296	1.69606E-14
4552.158869	1.69553E-14
4553.153442	1.70071E-14
4554.148014	1.70197E-14
4555.142587	1.70797E-14
4556.13716	1.69775E-14
4557.131732	1.68235E-14
4558.126305	1.6735e-14
4559.120877	1.65862E-14
4560.11545	1.63869E-14
4561.110023	1.62312E-14
4562.104595	1.62012E-14
4563.099168	1.61656E-14
4564.09374	1.61815E-14
4565.088313	1.62061E-14
4566.082886	1.61709E-14
4567.077458	1.60787E-14
4568.072031	1.60059E-14
4569.066604	1.59591E-14
4570.061176	1.59452E-14
4571.055749	1.60153E-14
4572.050321	1.61651E-14
4573.044894	1.62619E-14
4574.039467	1.61562E-14
4575.034039	1.59146E-14
4576.028612	1.57467E-14
4577.023184	1.55588E-14
4578.017757	1.54308E-14
4579.01233	1.55208E-14
4580.006902	1.57446E-14
4581.001475	1.6009e-14
4581.996048	1.63899E-14
4582.99062	1.67018E-14
4583.985193	1.67775E-14
4584.979765	1.67042E-14
4585.974338	1.6583e-14
4586.968911	1.64343E-14
4587.963483	1.64251E-14
4588.958056	1.65902E-14
4589.952629	1.66658E-14
4590.947201	1.65967E-14
4591.941774	1.63958E-14
4592.936346	1.60076E-14
4593.930919	1.5558e-14
4594.925492	1.5191e-14
4595.920064	1.48967E-14
4596.914637	1.46563E-14
4597.909209	1.45046E-14
4598.903782	1.45345E-14
4599.898355	1.47272E-14
4600.892927	1.49269E-14
4601.8875	1.51513E-14
4602.882073	1.5317e-14
4603.876645	1.52685E-14
4604.871218	1.50948E-14
4605.86579	1.49383E-14
4606.860363	1.4915e-14
4607.854936	1.49725E-14
4608.849508	1.50299E-14
4609.844081	1.5001e-14
4610.838653	1.48818E-14
4611.833226	1.47321E-14
4612.827799	1.46929E-14
4613.822371	1.47387E-14
4614.816944	1.4765e-14
4615.811517	1.47246E-14
4616.806089	1.46473E-14
4617.800662	1.46348E-14
4618.795234	1.45529E-14
4619.789807	1.44468E-14
4620.78438	1.43758E-14
4621.778952	1.42736E-14
4622.773525	1.40963E-14
4623.768097	1.40847E-14
4624.76267	1.41179E-14
4625.757243	1.41229E-14
4626.751815	1.42072E-14
4627.746388	1.43993E-14
4628.740961	1.45225E-14
4629.735533	1.46218E-14
4630.730106	1.4708e-14
4631.724678	1.47081E-14
4632.719251	1.46166E-14
4633.713824	1.44874E-14
4634.708396	1.42858E-14
4635.702969	1.41542E-14
4636.697542	1.40335E-14
4637.692114	1.3851e-14
4638.686687	1.36589E-14
4639.681259	1.35148E-14
4640.675832	1.34443E-14
4641.670405	1.35087E-14
4642.664977	1.35043E-14
4643.65955	1.36317E-14
4644.654122	1.37117E-14
4645.648695	1.37541E-14
4646.643268	1.38001E-14
4647.63784	1.3919e-14
4648.632413	1.38241E-14
4649.626986	1.37968E-14
4650.621558	1.38261E-14
4651.616131	1.39183E-14
4652.610703	1.40349E-14
4653.605276	1.41241E-14
4654.599849	1.41887E-14
4655.594421	1.42699E-14
4656.588994	1.44581E-14
4657.583566	1.46301E-14
4658.578139	1.47455E-14
4659.572712	1.47178E-14
4660.567284	1.44792E-14
4661.561857	1.40643E-14
4662.55643	1.37524E-14
4663.551002	1.35657E-14
4664.545575	1.34968E-14
4665.540147	1.35552E-14
4666.53472	1.36928E-14
4667.529293	1.38399E-14
4668.523865	1.39416E-14
4669.518438	1.3891e-14
4670.513011	1.37354E-14
4671.507583	1.3564e-14
4672.502156	1.33834E-14
4673.496728	1.32914E-14
4674.491301	1.32569E-14
4675.485874	1.323e-14
4676.480446	1.31545E-14
4677.475019	1.3167e-14
4678.469591	1.32049E-14
4679.464164	1.31627E-14
4680.458737	1.30083E-14
4681.453309	1.28409E-14
4682.447882	1.27389E-14
4683.442455	1.27525E-14
4684.437027	1.30108E-14
4685.4316	1.34311E-14
4686.426172	1.39021E-14
4687.420745	1.41744E-14
4688.415318	1.41919E-14
4689.40989	1.39685E-14
4690.404463	1.36895E-14
4691.399035	1.34868E-14
4692.393608	1.35034E-14
4693.388181	1.35577E-14
4694.382753	1.36764E-14
4695.377326	1.37301E-14
4696.371899	1.37303E-14
4697.366471	1.36706E-14
4698.361044	1.36134E-14
4699.355616	1.3435e-14
4700.350189	1.33621E-14
4701.344762	1.33299E-14
4702.339334	1.33142E-14
4703.333907	1.3314e-14
4704.328479	1.33244E-14
4705.323052	1.32287E-14
4706.317625	1.31005E-14
4707.312197	1.29639E-14
4708.30677	1.29034E-14
4709.301343	1.29478E-14
4710.295915	1.30978E-14
4711.290488	1.32163E-14
4712.28506	1.32682E-14
4713.279633	1.33021E-14
4714.274206	1.32954E-14
4715.268778	1.33131E-14
4716.263351	1.33888E-14
4717.257924	1.3438e-14
4718.252496	1.33826E-14
4719.247069	1.32665E-14
4720.241641	1.31114E-14
4721.236214	1.30044E-14
4722.230787	1.30111E-14
4723.225359	1.30942E-14
4724.219932	1.31318E-14
4725.214504	1.30507E-14
4726.209077	1.29135E-14
4727.20365	1.278e-14
4728.198222	1.26671E-14
4729.192795	1.26284E-14
4730.187368	1.26312E-14
4731.18194	1.24973E-14
4732.176513	1.24055E-14
4733.171085	1.23358E-14
4734.165658	1.23626E-14
4735.160231	1.24259E-14
4736.154803	1.25252E-14
4737.149376	1.25564E-14
4738.143948	1.2639e-14
4739.138521	1.26495E-14
4740.133094	1.26917E-14
4741.127666	1.2751e-14
4742.122239	1.27417E-14
4743.116812	1.27989E-14
4744.111384	1.29151E-14
4745.105957	1.3005e-14
4746.100529	1.2977e-14
4747.095102	1.28304E-14
4748.089675	1.26622E-14
4749.084247	1.27118E-14
4750.07882	1.29023E-14
4751.073392	1.30413E-14
4752.067965	1.30386E-14
4753.062538	1.28839E-14
4754.05711	1.2548e-14
4755.051683	1.23478E-14
4756.046256	1.23877E-14
4757.040828	1.24944E-14
4758.035401	1.25632E-14
4759.029973	1.26155E-14
4760.024546	1.25297E-14
4761.019119	1.23566E-14
4762.013691	1.21949E-14
4763.008264	1.20628E-14
4764.002837	1.20304E-14
4764.997409	1.20977E-14
4765.991982	1.22136E-14
4766.986554	1.22737E-14
4767.981127	1.22605E-14
4768.9757	1.22105E-14
4769.970272	1.21646E-14
4770.964845	1.22165E-14
4771.959417	1.21754E-14
4772.95399	1.20648E-14
4773.948563	1.20137E-14
4774.943135	1.21999E-14
4775.937708	1.24988E-14
4776.932281	1.27548E-14
4777.926853	1.27158E-14
4778.921426	1.24469E-14
4779.915998	1.2117e-14
4780.910571	1.20216E-14
4781.905144	1.22059E-14
4782.899716	1.24383E-14
4783.894289	1.26414E-14
4784.888861	1.26856E-14
4785.883434	1.26498E-14
4786.878007	1.26974E-14
4787.872579	1.2777e-14
4788.867152	1.2792e-14
4789.861725	1.27269E-14
4790.856297	1.245e-14
4791.85087	1.21677E-14
4792.845442	1.20869E-14
4793.840015	1.21204E-14
4794.834588	1.22236E-14
4795.82916	1.2338e-14
4796.823733	1.23615E-14
4797.818306	1.23966E-14
4798.812878	1.25373E-14
4799.807451	1.27795E-14
4800.802023	1.30229E-14
4801.796596	1.30556E-14
4802.791169	1.28863E-14
4803.785741	1.25896E-14
4804.780314	1.2234e-14
4805.774886	1.19551E-14
4806.769459	1.18964E-14
4807.764032	1.19703E-14
4808.758604	1.21683E-14
4809.753177	1.24089E-14
4810.74775	1.26544E-14
4811.742322	1.27838E-14
4812.736895	1.2797e-14
4813.731467	1.26948E-14
4814.72604	1.25733E-14
4815.720613	1.2477e-14
4816.715185	1.24148E-14
4817.709758	1.22406E-14
4818.70433	1.2082e-14
4819.698903	1.20501E-14
4820.693476	1.20876E-14
4821.688048	1.21847E-14
4822.682621	1.22508E-14
4823.677194	1.20848E-14
4824.671766	1.17937E-14
4825.666339	1.1591e-14
4826.660911	1.1502e-14
4827.655484	1.14635E-14
4828.650057	1.14508E-14
4829.644629	1.13968E-14
4830.639202	1.13034E-14
4831.633774	1.12133E-14
4832.628347	1.11992E-14
4833.62292	1.11964E-14
4834.617492	1.12675E-14
4835.612065	1.14684E-14
4836.606638	1.17327E-14
4837.60121	1.19108E-14
4838.595783	1.20284E-14
4839.590355	1.20006E-14
4840.584928	1.18532E-14
4841.579501	1.18688E-14
4842.574073	1.1918e-14
4843.568646	1.19523E-14
4844.563219	1.20189E-14
4845.557791	1.20609E-14
4846.552364	1.20046E-14
4847.546936	1.19833E-14
4848.541509	1.17807E-14
4849.536082	1.14955E-14
4850.530654	1.1252e-14
4851.525227	1.10037E-14
4852.519799	1.09282E-14
4853.514372	1.11405E-14
4854.508945	1.13428E-14
4855.503517	1.14445E-14
4856.49809	1.15279E-14
4857.492663	1.15583E-14
4858.487235	1.15942E-14
4859.481808	1.16953E-14
4860.47638	1.17942E-14
4861.470953	1.19475E-14
4862.465526	1.20406E-14
4863.460098	1.21794E-14
4864.454671	1.23395E-14
4865.449243	1.24978E-14
4866.443816	1.24885E-14
4867.438389	1.23545E-14
4868.432961	1.20771E-14
4869.427534	1.18435E-14
4870.422107	1.17026E-14
4871.416679	1.17232E-14
4872.411252	1.18166E-14
4873.405824	1.17638E-14
4874.400397	1.16048E-14
4875.39497	1.14531E-14
4876.389542	1.13425E-14
4877.384115	1.1378e-14
4878.378688	1.15461E-14
4879.37326	1.15693E-14
4880.367833	1.1498e-14
4881.362405	1.15338E-14
4882.356978	1.16478E-14
4883.351551	1.17587E-14
4884.346123	1.18922E-14
4885.340696	1.19972E-14
4886.335268	1.20285E-14
4887.329841	1.20792E-14
4888.324414	1.22317E-14
4889.318986	1.24033E-14
4890.313559	1.24674E-14
4891.308132	1.25273E-14
4892.302704	1.26196E-14
4893.297277	1.25459E-14
4894.291849	1.24064E-14
4895.286422	1.22732E-14
4896.280995	1.20699E-14
4897.275567	1.18554E-14
4898.27014	1.18149E-14
4899.264712	1.17885E-14
4900.259285	1.16868E-14
4901.253858	1.16388E-14
4902.24843	1.16968E-14
4903.243003	1.17769E-14
4904.237576	1.19106E-14
4905.232148	1.20878E-14
4906.226721	1.22311E-14
4907.221293	1.23887E-14
4908.215866	1.25963E-14
4909.210439	1.27253E-14
4910.205011	1.2791e-14
4911.199584	1.28556E-14
4912.194156	1.27991E-14
4913.188729	1.27146E-14
4914.183302	1.25523E-14
4915.177874	1.24412E-14
4916.172447	1.22935E-14
4917.16702	1.22792E-14
4918.161592	1.23523E-14
4919.156165	1.24975E-14
4920.150737	1.25605E-14
4921.14531	1.26414E-14
4922.139883	1.26828E-14
4923.134455	1.27054E-14
4924.129028	1.27057E-14
4925.123601	1.27711E-14
4926.118173	1.28258E-14
4927.112746	1.27957E-14
4928.107318	1.26999E-14
4929.101891	1.25958E-14
4930.096464	1.24394E-14
4931.091036	1.24731E-14
4932.085609	1.26304E-14
4933.080181	1.29825E-14
4934.074754	1.32781E-14
4935.069327	1.34994E-14
4936.063899	1.35719E-14
4937.058472	1.35223E-14
4938.053045	1.3306e-14
4939.047617	1.32304E-14
4940.04219	1.32113E-14
4941.036762	1.32455E-14
4942.031335	1.33364E-14
4943.025908	1.3475e-14
4944.02048	1.3425e-14
4945.015053	1.32566E-14
4946.009625	1.30874E-14
4947.004198	1.30408E-14
4947.998771	1.30886E-14
4948.993343	1.33012E-14
4949.987916	1.34445E-14
4950.982489	1.3507e-14
4951.977061	1.3596e-14
4952.971634	1.36461E-14
4953.966206	1.37114E-14
4954.960779	1.38461E-14
4955.955352	1.3807e-14
4956.949924	1.36642E-14
4957.944497	1.35256E-14
4958.939069	1.3326e-14
4959.933642	1.31074E-14
4960.928215	1.31424E-14
4961.922787	1.33372E-14
4962.91736	1.35695E-14
4963.911933	1.37777E-14
4964.906505	1.39237E-14
4965.901078	1.37882E-14
4966.89565	1.34421E-14
4967.890223	1.32191E-14
4968.884796	1.30935E-14
4969.879368	1.31117E-14
4970.873941	1.33681E-14
4971.868514	1.3565e-14
4972.863086	1.3503e-14
4973.857659	1.33476E-14
4974.852231	1.32482E-14
4975.846804	1.32232E-14
4976.841377	1.35289E-14
4977.835949	1.37723E-14
4978.830522	1.39334E-14
4979.825094	1.39437E-14
4980.819667	1.38842E-14
4981.81424	1.3716e-14
4982.808812	1.37312E-14
4983.803385	1.37249E-14
4984.797958	1.38064E-14
4985.79253	1.39059E-14
4986.787103	1.40547E-14
4987.781675	1.40992E-14
4988.776248	1.41303E-14
4989.770821	1.41413E-14
4990.765393	1.42117E-14
4991.759966	1.42156E-14
4992.754538	1.42832E-14
4993.749111	1.43059E-14
4994.743684	1.42661E-14
4995.738256	1.42454E-14
4996.732829	1.43042E-14
4997.727402	1.43066E-14
4998.721974	1.43071E-14
4999.716547	1.431e-14
5000.711119	1.41785E-14
5001.705692	1.39389E-14
5002.700265	1.39271E-14
5003.694837	1.40046E-14
5004.68941	1.39454E-14
5005.683983	1.39659E-14
5006.678555	1.39773E-14
5007.673128	1.3837e-14
5008.6677	1.37131E-14
5009.662273	1.37142E-14
5010.656846	1.36482E-14
5011.651418	1.36173E-14
5012.645991	1.36463E-14
5013.640563	1.37026E-14
5014.635136	1.37526E-14
5015.629709	1.37321E-14
5016.624281	1.37206E-14
5017.618854	1.37879E-14
5018.613427	1.38662E-14
5019.607999	1.39595E-14
5020.602572	1.41209E-14
5021.597144	1.42131E-14
5022.591717	1.42237E-14
5023.58629	1.42079E-14
5024.580862	1.41189E-14
5025.575435	1.3942e-14
5026.570007	1.37829E-14
5027.56458	1.36186E-14
5028.559153	1.34767E-14
5029.553725	1.35665E-14
5030.548298	1.38138E-14
5031.542871	1.41496E-14
5032.537443	1.439e-14
5033.532016	1.45099E-14
5034.526588	1.43942E-14
5035.521161	1.42249E-14
5036.515734	1.40899E-14
5037.510306	1.40045E-14
5038.504879	1.38485E-14
5039.499451	1.36189E-14
5040.494024	1.34252E-14
5041.488597	1.32144E-14
5042.483169	1.31504E-14
5043.477742	1.3216e-14
5044.472315	1.33918E-14
5045.466887	1.35254E-14
5046.46146	1.36861E-14
5047.456032	1.38483E-14
5048.450605	1.40385E-14
5049.445178	1.41876E-14
5050.43975	1.40754E-14
5051.434323	1.40547E-14
5052.428896	1.40294E-14
5053.423468	1.40965E-14
5054.418041	1.42212E-14
5055.412613	1.44956E-14
5056.407186	1.45006E-14
5057.401759	1.43768E-14
5058.396331	1.41856E-14
5059.390904	1.40632E-14
5060.385476	1.38195E-14
5061.380049	1.37154E-14
5062.374622	1.36897E-14
5063.369194	1.36583E-14
5064.363767	1.36204E-14
5065.35834	1.37609E-14
5066.352912	1.3821e-14
5067.347485	1.37909E-14
5068.342057	1.36035E-14
5069.33663	1.33497E-14
5070.331203	1.31141E-14
5071.325775	1.30679E-14
5072.320348	1.31319E-14
5073.31492	1.33029E-14
5074.309493	1.35787E-14
5075.304066	1.38951E-14
5076.298638	1.42874E-14
5077.293211	1.45639E-14
5078.287784	1.44469E-14
5079.282356	1.40678E-14
5080.276929	1.37662E-14
5081.271501	1.36633E-14
5082.266074	1.38661E-14
5083.260647	1.41556E-14
5084.255219	1.43688E-14
5085.249792	1.45711E-14
5086.244365	1.46492E-14
5087.238937	1.4784e-14
5088.23351	1.4945e-14
5089.228082	1.49028E-14
5090.222655	1.47313E-14
5091.217228	1.4619e-14
5092.2118	1.43792E-14
5093.206373	1.4263e-14
5094.200945	1.42551E-14
5095.195518	1.42862E-14
5096.190091	1.43887E-14
5097.184663	1.44604E-14
5098.179236	1.43448E-14
5099.173809	1.43711E-14
5100.168381	1.43525E-14
5101.162954	1.42432E-14
5102.157526	1.41549E-14
5103.152099	1.40296E-14
5104.146672	1.38065E-14
5105.141244	1.36716E-14
5106.135817	1.37559E-14
5107.130389	1.3937e-14
5108.124962	1.40472E-14
5109.119535	1.40594E-14
5110.114107	1.40991E-14
5111.10868	1.40255E-14
5112.103253	1.40008E-14
5113.097825	1.40834E-14
5114.092398	1.41377E-14
5115.08697	1.41031E-14
5116.081543	1.40088E-14
5117.076116	1.39113E-14
5118.070688	1.38821E-14
5119.065261	1.38332E-14
5120.059833	1.38232E-14
5121.054406	1.40157E-14
5122.048979	1.41772E-14
5123.043551	1.41897E-14
5124.038124	1.40985E-14
5125.032697	1.38965E-14
5126.027269	1.37214E-14
5127.021842	1.36816E-14
5128.016414	1.37057E-14
5129.010987	1.387e-14
5130.00556	1.39028E-14
5131.000132	1.36887E-14
5131.994705	1.34534E-14
5132.989278	1.33595E-14
5133.98385	1.32915E-14
5134.978423	1.34709E-14
5135.972995	1.38503E-14
5136.967568	1.41567E-14
5137.962141	1.42833E-14
5138.956713	1.43415E-14
5139.951286	1.44329E-14
5140.945858	1.43981E-14
5141.940431	1.43305E-14
5142.935004	1.42302E-14
5143.929576	1.40723E-14
5144.924149	1.39807E-14
5145.918722	1.40491E-14
5146.913294	1.41118E-14
5147.907867	1.42193E-14
5148.902439	1.43449E-14
5149.897012	1.42862E-14
5150.891585	1.4085e-14
5151.886157	1.40093E-14
5152.88073	1.39624E-14
5153.875302	1.38922E-14
5154.869875	1.38216E-14
5155.864448	1.37507E-14
5156.85902	1.35929E-14
5157.853593	1.36404E-14
5158.848166	1.38554E-14
5159.842738	1.40081E-14
5160.837311	1.39605E-14
5161.831883	1.36803E-14
5162.826456	1.3343e-14
5163.821029	1.30712E-14
5164.815601	1.30523E-14
5165.810174	1.31782E-14
5166.804746	1.3323e-14
5167.799319	1.34001E-14
5168.793892	1.33807E-14
5169.788464	1.323e-14
5170.783037	1.32538E-14
5171.77761	1.34598E-14
5172.772182	1.36126E-14
5173.766755	1.38205E-14
5174.761327	1.38653E-14
5175.7559	1.35419E-14
5176.750473	1.33993E-14
5177.745045	1.34287E-14
5178.739618	1.34216E-14
5179.734191	1.34392E-14
5180.728763	1.35137E-14
5181.723336	1.3349e-14
5182.717908	1.32958E-14
5183.712481	1.33439E-14
5184.707054	1.33224E-14
5185.701626	1.33438E-14
5186.696199	1.32351E-14
5187.690771	1.32259E-14
5188.685344	1.32946E-14
5189.679917	1.35307E-14
5190.674489	1.35311E-14
5191.669062	1.35319E-14
5192.663635	1.36825E-14
5193.658207	1.37832E-14
5194.65278	1.38341E-14
5195.647352	1.36035E-14
5196.641925	1.30642E-14
5197.636498	1.22162E-14
5198.63107	1.18296E-14
5199.625643	1.17636E-14
5200.620215	1.19688E-14
5201.614788	1.2342e-14
5202.609361	1.24428E-14
5203.603933	1.22246E-14
5204.598506	1.18026E-14
5205.593079	1.15111E-14
5206.587651	1.13983E-14
5207.582224	1.19626E-14
5208.576796	1.26441E-14
5209.571369	1.33896E-14
5210.565942	1.38104E-14
5211.560514	1.37574E-14
5212.555087	1.33748E-14
5213.54966	1.31301E-14
5214.544232	1.31056E-14
5215.538805	1.33649E-14
5216.533377	1.37136E-14
5217.52795	1.42058E-14
5218.522523	1.42119E-14
5219.517095	1.38681E-14
5220.511668	1.30196E-14
5221.50624	1.24473E-14
5222.500813	1.20984E-14
5223.495386	1.22418E-14
5224.489958	1.25748E-14
5225.484531	1.32095E-14
5226.479104	1.31917E-14
5227.473676	1.2827e-14
5228.468249	1.26626E-14
5229.462821	1.25165E-14
5230.457394	1.26108E-14
5231.451967	1.27893E-14
5232.446539	1.30201E-14
5233.441112	1.31301E-14
5234.435684	1.33798E-14
5235.430257	1.35175E-14
5236.42483	1.35358E-14
5237.419402	1.29701E-14
5238.413975	1.21331E-14
5239.408548	1.14038E-14
5240.40312	1.11971E-14
5241.397693	1.17922E-14
5242.392265	1.26878E-14
5243.386838	1.31032E-14
5244.381411	1.3328e-14
5245.375983	1.28326E-14
5246.370556	1.20006E-14
5247.365128	1.15567E-14
5248.359701	1.15659E-14
5249.354274	1.15859E-14
5250.348846	1.21815E-14
5251.343419	1.2968e-14
5252.337992	1.36798E-14
5253.332564	1.41244E-14
5254.327137	1.40609E-14
5255.321709	1.32541E-14
5256.316282	1.22558E-14
5257.310855	1.15844E-14
5258.305427	1.16327E-14
5259.3	1.22557E-14
5260.294573	1.29473E-14
5261.289145	1.33814E-14
5262.283718	1.33111E-14
5263.27829	1.29164E-14
5264.272863	1.26786E-14
5265.267436	1.26315E-14
5266.262008	1.23064E-14
5267.256581	1.21252E-14
5268.251153	1.16099E-14
5269.245726	1.12935E-14
5270.240299	1.14547E-14
5271.234871	1.19342E-14
5272.229444	1.24795E-14
5273.224017	1.32179E-14
5274.218589	1.32442E-14
5275.213162	1.28841E-14
5276.207734	1.25721E-14
5277.202307	1.23591E-14
5278.19688	1.22576E-14
5279.191452	1.26339E-14
5280.186025	1.31538E-14
5281.180597	1.29032E-14
5282.17517	1.25502E-14
5283.169743	1.20705E-14
5284.164315	1.16337E-14
5285.158888	1.13629E-14
5286.153461	1.19373E-14
5287.148033	1.23722E-14
5288.142606	1.30096E-14
5289.137178	1.35627E-14
5290.131751	1.37946E-14
5291.126324	1.35413E-14
5292.120896	1.3428e-14
5293.115469	1.3256e-14
5294.110042	1.29205E-14
5295.104614	1.23408E-14
5296.099187	1.20373E-14
5297.093759	1.21357E-14
5298.088332	1.2278e-14
5299.082905	1.25402E-14
5300.077477	1.30239E-14
5301.07205	1.28319E-14
5302.066622	1.20567E-14
5303.061195	1.14903E-14
5304.055768	1.0966e-14
5305.05034	1.03112E-14
5306.044913	1.0007e-14
5307.039486	1.0387e-14
5308.034058	1.10419E-14
5309.028631	1.12915E-14
5310.023203	1.11934E-14
5311.017776	1.13103E-14
5312.012349	1.11006E-14
5313.006921	1.10236E-14
5314.001494	1.17528E-14
5314.996066	1.25368E-14
5315.990639	1.2595e-14
5316.985212	1.26384E-14
5317.979784	1.23595E-14
5318.974357	1.15967E-14
5319.96893	1.1244e-14
5320.963502	1.12017E-14
5321.958075	1.15405E-14
5322.952647	1.19183E-14
5323.94722	1.21725E-14
5324.941793	1.20414E-14
5325.936365	1.1786e-14
5326.930938	1.13449E-14
5327.92551	1.11416E-14
5328.920083	1.08789E-14
5329.914656	1.0574e-14
5330.909228	1.02564E-14
5331.903801	1.00616E-14
5332.898374	1.03168E-14
5333.892946	1.08159E-14
5334.887519	1.134e-14
5335.882091	1.18353E-14
5336.876664	1.21967E-14
5337.871237	1.22691E-14
5338.865809	1.22041E-14
5339.860382	1.19698E-14
5340.854955	1.18834E-14
5341.849527	1.15824E-14
5342.8441	1.11888E-14
5343.838672	1.11692E-14
5344.833245	1.09101E-14
5345.827818	1.08245E-14
5346.82239	1.13121E-14
5347.816963	1.17136E-14
5348.811535	1.17218E-14
5349.806108	1.17445E-14
5350.800681	1.12994E-14
5351.795253	1.09593E-14
5352.789826	1.11881E-14
5353.784399	1.16468E-14
5354.778971	1.18566E-14
5355.773544	1.19359E-14
5356.768116	1.18653E-14
5357.762689	1.1523e-14
5358.757262	1.13157E-14
5359.751834	1.11723E-14
5360.746407	1.05421E-14
5361.740979	9.80482E-15
5362.735552	9.74323E-15
5363.730125	9.97945E-15
5364.724697	1.03903E-14
5365.71927	1.11491E-14
5366.713843	1.13012E-14
5367.708415	1.10338E-14
5368.702988	1.06828E-14
5369.69756	1.06082E-14
5370.692133	1.06074E-14
5371.686706	1.10714E-14
5372.681278	1.15871E-14
5373.675851	1.21304E-14
5374.670423	1.24546E-14
5375.664996	1.26663E-14
5376.659569	1.26102E-14
5377.654141	1.25525E-14
5378.648714	1.23533E-14
5379.643287	1.19405E-14
5380.637859	1.1215e-14
5381.632432	1.08932E-14
5382.627004	1.064e-14
5383.621577	1.04918E-14
5384.61615	1.0622e-14
5385.610722	1.10396E-14
5386.605295	1.11278E-14
5387.599868	1.12519E-14
5388.59444	1.13864E-14
5389.589013	1.15851E-14
5390.583585	1.16586E-14
5391.578158	1.16743E-14
5392.572731	1.12875E-14
5393.567303	1.07015E-14
5394.561876	1.03492E-14
5395.556448	1.0338e-14
5396.551021	1.03632E-14
5397.545594	1.07731E-14
5398.540166	1.10931E-14
5399.534739	1.09846E-14
5400.529312	1.10707E-14
5401.523884	1.13694E-14
5402.518457	1.15276E-14
5403.513029	1.17132E-14
5404.507602	1.19808E-14
5405.502175	1.18506E-14
5406.496747	1.15486E-14
5407.49132	1.13738E-14
5408.485892	1.14541E-14
5409.480465	1.16321E-14
5410.475038	1.18476E-14
5411.46961	1.1928e-14
5412.464183	1.19932E-14
5413.458756	1.20718E-14
5414.453328	1.19678E-14
5415.447901	1.18458E-14
5416.442473	1.15253E-14
5417.437046	1.09166E-14
5418.431619	1.04061E-14
5419.426191	1.01455E-14
5420.420764	1.00156E-14
5421.415337	9.98474E-15
5422.409909	9.91984E-15
5423.404482	1.04059E-14
5424.399054	1.11841E-14
5425.393627	1.19703E-14
5426.3882	1.25057E-14
5427.382772	1.28619E-14
5428.377345	1.27973E-14
5429.371917	1.27947E-14
5430.36649	1.28365E-14
5431.361063	1.27818E-14
5432.355635	1.22962E-14
5433.350208	1.16208E-14
5434.344781	1.13958E-14
5435.339353	1.12425E-14
5436.333926	1.10644E-14
5437.328498	1.09459E-14
5438.323071	1.09046E-14
5439.317644	1.0864e-14
5440.312216	1.11333E-14
5441.306789	1.1301e-14
5442.301361	1.13383E-14
5443.295934	1.14317E-14
5444.290507	1.1417e-14
5445.285079	1.13904E-14
5446.279652	1.13298E-14
5447.274225	1.10377E-14
5448.268797	1.0739e-14
5449.26337	1.08504E-14
5450.257942	1.09086E-14
5451.252515	1.08305E-14
5452.247088	1.09759E-14
5453.24166	1.10464E-14
5454.236233	1.08579E-14
5455.230805	1.0778e-14
5456.225378	1.10232E-14
5457.219951	1.09488E-14
5458.214523	1.09314E-14
5459.209096	1.1031e-14
5460.203669	1.09692E-14
5461.198241	1.08469E-14
5462.192814	1.13302E-14
5463.187386	1.19204E-14
5464.181959	1.22697E-14
5465.176532	1.20869E-14
5466.171104	1.16866E-14
5467.165677	1.1063e-14
5468.16025	1.05348E-14
5469.154822	1.01968E-14
5470.149395	1.00996E-14
5471.143967	9.91099E-15
5472.13854	1.00454E-14
5473.133113	1.04182E-14
5474.127685	1.08983E-14
5475.122258	1.14143E-14
5476.11683	1.17229E-14
5477.111403	1.206e-14
5478.105976	1.18163E-14
5479.100548	1.15495E-14
5480.095121	1.11325E-14
5481.089694	1.09594E-14
5482.084266	1.08626E-14
5483.078839	1.12251E-14
5484.073411	1.13478E-14
5485.067984	1.14391E-14
5486.062557	1.13314E-14
5487.057129	1.08449E-14
5488.051702	1.10238E-14
5489.046274	1.11038E-14
5490.040847	1.12935E-14
5491.03542	1.14121E-14
5492.029992	1.1543e-14
5493.024565	1.10717E-14
5494.019138	1.09607E-14
5495.01371	1.08513E-14
5496.008283	1.07162E-14
5497.002855	1.02895E-14
5497.997428	9.68527E-15
5498.992001	9.55509E-15
5499.986573	9.5344e-15
5500.981146	9.82047E-15
5501.975719	1.00822E-14
5502.970291	1.04314E-14
5503.964864	1.05302E-14
5504.959436	1.05286E-14
5505.954009	1.04682E-14
5506.948582	1.05246E-14
5507.943154	1.02249E-14
5508.937727	1.00247E-14
5509.932299	1.01778E-14
5510.926872	1.02645E-14
5511.921445	1.026e-14
5512.916017	1.04761E-14
5513.91059	1.06721E-14
5514.905163	1.08152E-14
5515.899735	1.08583E-14
5516.894308	1.06808E-14
5517.88888	1.04498E-14
5518.883453	1.04109E-14
5519.878026	1.0472e-14
5520.872598	1.04475E-14
5521.867171	1.04587E-14
5522.861743	1.05129E-14
5523.856316	1.0768e-14
5524.850889	1.12548E-14
5525.845461	1.16548E-14
5526.840034	1.16753E-14
5527.834607	1.15075E-14
5528.829179	1.1217e-14
5529.823752	1.095e-14
5530.818324	1.07457E-14
5531.812897	1.07562E-14
5532.80747	1.07169E-14
5533.802042	1.10275E-14
5534.796615	1.12733E-14
5535.791187	1.1097e-14
5536.78576	1.08824E-14
5537.780333	1.0676e-14
5538.774905	1.0332e-14
5539.769478	1.03158E-14
5540.764051	1.0743e-14
5541.758623	1.12034E-14
5542.753196	1.15816E-14
5543.747768	1.15316E-14
5544.742341	1.09743E-14
5545.736914	1.00965E-14
5546.731486	9.12768E-15
5547.726059	8.74672E-15
5548.720632	9.34216E-15
5549.715204	1.03048E-14
5550.709777	1.11354E-14
5551.704349	1.19503E-14
5552.698922	1.18128E-14
5553.693495	1.11154E-14
5554.688067	1.07322E-14
5555.68264	1.06031E-14
5556.677212	1.04943E-14
5557.671785	1.08075E-14
5558.666358	1.07565E-14
5559.66093	1.01829E-14
5560.655503	9.33858E-15
5561.650076	8.60535E-15
5562.644648	7.99922E-15
5563.639221	7.89261E-15
5564.633793	8.29168E-15
5565.628366	8.94967E-15
5566.622939	9.59525E-15
5567.617511	1.03855E-14
5568.612084	1.0982e-14
5569.606656	1.13503E-14
5570.601229	1.14624E-14
5571.595802	1.13631E-14
5572.590374	1.11423E-14
5573.584947	1.08701E-14
5574.57952	1.06437E-14
5575.574092	1.02976E-14
5576.568665	9.63421E-15
5577.563237	9.18535E-15
5578.55781	8.86631E-15
5579.552383	8.78776E-15
5580.546955	9.35737E-15
5581.541528	1.04135E-14
5582.5361	1.11906E-14
5583.530673	1.15514E-14
5584.525246	1.14874E-14
5585.519818	1.14234E-14
5586.514391	1.15667E-14
5587.508964	1.15012E-14
5588.503536	1.18918E-14
5589.498109	1.18738E-14
5590.492681	1.13852E-14
5591.487254	1.07435E-14
5592.481827	1.03814E-14
5593.476399	9.91084E-15
5594.470972	1.01978E-14
5595.465545	1.0352e-14
5596.460117	1.00368E-14
5597.45469	9.86654E-15
5598.449262	9.68719E-15
5599.443835	9.72772E-15
5600.438408	1.01964E-14
5601.43298	1.04382E-14
5602.427553	1.02268E-14
5603.422125	1.00044E-14
5604.416698	9.71008E-15
5605.411271	9.42882E-15
5606.405843	9.39026E-15
5607.400416	9.34187E-15
5608.394989	9.30948E-15
5609.389561	9.82502E-15
5610.384134	1.03211E-14
5611.378706	1.08519E-14
5612.373279	1.09887E-14
5613.367852	1.09696E-14
5614.362424	1.08662E-14
5615.356997	1.10755E-14
5616.351569	1.10942E-14
5617.346142	1.1463e-14
5618.340715	1.15557E-14
5619.335287	1.1086e-14
5620.32986	1.06016E-14
5621.324433	1.03095E-14
5622.319005	9.81571E-15
5623.313578	9.84738E-15
5624.30815	1.0294e-14
5625.302723	1.0424e-14
5626.297296	1.02368E-14
5627.291868	1.00747E-14
5628.286441	1.00567E-14
5629.281014	9.84252E-15
5630.275586	1.00187E-14
5631.270159	1.01234E-14
5632.264731	9.91669E-15
5633.259304	9.5699e-15
5634.253877	9.69375E-15
5635.248449	9.94288E-15
5636.243022	1.06437E-14
5637.237594	1.1173e-14
5638.232167	1.14547E-14
5639.22674	1.15014E-14
5640.221312	1.13898E-14
5641.215885	1.09355E-14
5642.210458	1.06342E-14
5643.20503	1.02255E-14
5644.199603	9.72671E-15
5645.194175	9.38578E-15
5646.188748	9.58768E-15
5647.183321	9.85704E-15
5648.177893	1.01459E-14
5649.172466	1.03434E-14
5650.167038	1.03045E-14
5651.161611	1.04503E-14
5652.156184	1.08814E-14
5653.150756	1.1156e-14
5654.145329	1.13962E-14
5655.139902	1.15432E-14
5656.134474	1.15383E-14
5657.129047	1.17453E-14
5658.123619	1.17655E-14
5659.118192	1.16957E-14
5660.112765	1.14707E-14
5661.107337	1.10138E-14
5662.10191	1.04336E-14
5663.096482	1.00244E-14
5664.091055	9.5403e-15
5665.085628	9.39327E-15
5666.0802	9.26992E-15
5667.074773	9.58154E-15
5668.069346	1.01059E-14
5669.063918	1.03648E-14
5670.058491	1.01107E-14
5671.053063	9.99481E-15
5672.047636	9.73825E-15
5673.042209	9.56219E-15
5674.036781	9.77275E-15
5675.031354	1.00922E-14
5676.025927	9.88473E-15
5677.020499	9.59763E-15
5678.015072	9.51016E-15
5679.009644	9.44574E-15
5680.004217	9.53573E-15
5680.99879	9.90386E-15
5681.993362	1.02947E-14
5682.987935	1.06338E-14
5683.982507	1.05647E-14
5684.97708	1.03246E-14
5685.971653	1.02293E-14
5686.966225	1.02939E-14
5687.960798	1.04358E-14
5688.955371	1.0677e-14
5689.949943	1.0716e-14
5690.944516	1.04373E-14
5691.939088	9.93904E-15
5692.933661	9.50606E-15
5693.928234	9.29681E-15
5694.922806	9.30385E-15
5695.917379	9.38974E-15
5696.911951	9.66961E-15
5697.906524	9.93388E-15
5698.901097	9.99988E-15
5699.895669	9.99323E-15
5700.890242	1.03895E-14
5701.884815	1.08737E-14
5702.879387	1.07296E-14
5703.87396	1.0809e-14
5704.868532	1.06621E-14
5705.863105	1.01087E-14
5706.857678	9.74402E-15
5707.85225	9.7488e-15
5708.846823	9.41182E-15
5709.841396	9.34977E-15
5710.835968	9.27145E-15
5711.830541	9.28089E-15
5712.825113	9.75758E-15
5713.819686	1.00631E-14
5714.814259	1.00616E-14
5715.808831	9.88585E-15
5716.803404	9.47344E-15
5717.797976	9.12162E-15
5718.792549	9.21767E-15
5719.787122	9.4418e-15
5720.781694	9.48432E-15
5721.776267	9.38752E-15
5722.77084	9.07187E-15
5723.765412	9.07485E-15
5724.759985	9.36205E-15
5725.754557	9.9456e-15
5726.74913	1.04799E-14
5727.743703	1.09419E-14
5728.738275	1.08605E-14
5729.732848	1.05245E-14
5730.72742	1.01823E-14
5731.721993	1.01561E-14
5732.716566	1.08236E-14
5733.711138	1.13609E-14
5734.705711	1.18829E-14
5735.700284	1.22678E-14
5736.694856	1.22693E-14
5737.689429	1.15419E-14
5738.684001	1.08574E-14
5739.678574	1.02635E-14
5740.673147	9.82266E-15
5741.667719	9.3771e-15
5742.662292	9.40811E-15
5743.656864	9.56452E-15
5744.651437	9.4768e-15
5745.64601	9.78079E-15
5746.640582	1.07197E-14
5747.635155	1.13017E-14
5748.629728	1.15244E-14
5749.6243	1.14118E-14
5750.618873	1.06519E-14
5751.613445	9.96869E-15
5752.608018	9.39296E-15
5753.602591	9.29661E-15
5754.597163	9.45384E-15
5755.591736	9.76e-15
5756.586309	1.00328E-14
5757.580881	1.06079E-14
5758.575454	1.09103E-14
5759.570026	1.10497E-14
5760.564599	1.11245E-14
5761.559172	1.10981E-14
5762.553744	1.10816E-14
5763.548317	1.10552E-14
5764.542889	1.07989E-14
5765.537462	1.03871E-14
5766.532035	1.02026E-14
5767.526607	1.0104e-14
5768.52118	1.01207E-14
5769.515753	1.03115E-14
5770.510325	1.05511E-14
5771.504898	1.06222E-14
5772.49947	1.09495E-14
5773.494043	1.11867E-14
5774.488616	1.08034E-14
5775.483188	9.95145E-15
5776.477761	9.70896E-15
5777.472333	9.78171E-15
5778.466906	1.01976E-14
5779.461479	1.10047E-14
5780.456051	1.14102E-14
5781.450624	1.09436E-14
5782.445197	1.05281E-14
5783.439769	1.02869E-14
5784.434342	9.99428E-15
5785.428914	9.68807E-15
5786.423487	9.65738E-15
5787.41806	9.71842E-15
5788.412632	9.79642E-15
5789.407205	1.00368E-14
5790.401778	1.00854E-14
5791.39635	9.42872E-15
5792.390923	8.80194E-15
5793.385495	8.85056E-15
5794.380068	9.37821E-15
5795.374641	1.01294E-14
5796.369213	1.07923E-14
5797.363786	1.04892E-14
5798.358358	9.90912E-15
5799.352931	9.69443E-15
5800.347504	9.7331e-15
5801.342076	9.85301E-15
5802.336649	1.02455E-14
5803.331222	9.91276E-15
5804.325794	9.35314E-15
5805.320367	9.0164e-15
5806.314939	9.06027E-15
5807.309512	9.37799E-15
5808.304085	1.01636E-14
5809.298657	1.08994E-14
5810.29323	1.13628E-14
5811.287802	1.13627E-14
5812.282375	1.1129e-14
5813.276948	1.06504E-14
5814.27152	1.03765E-14
5815.266093	1.03989E-14
5816.260666	1.07643E-14
5817.255238	1.09514E-14
5818.249811	1.11193E-14
5819.244383	1.10494E-14
5820.238956	1.07424E-14
5821.233529	1.05201E-14
5822.228101	1.06412E-14
5823.222674	1.03536E-14
5824.217246	9.93071E-15
5825.211819	9.70195E-15
5826.206392	9.45658E-15
5827.200964	9.38829E-15
5828.195537	9.73014E-15
5829.19011	1.0018e-14
5830.184682	1.01388E-14
5831.179255	1.03182E-14
5832.173827	1.01915E-14
5833.1684	1.0156e-14
5834.162973	1.01493E-14
5835.157545	1.00707E-14
5836.152118	1.00047E-14
5837.146691	1.00697E-14
5838.141263	9.72684E-15
5839.135836	9.77602E-15
5840.130408	1.01814E-14
5841.124981	1.0493e-14
5842.119554	1.035e-14
5843.114126	1.00668E-14
5844.108699	9.31583E-15
5845.103271	8.84396E-15
5846.097844	8.83199E-15
5847.092417	9.29628E-15
5848.086989	9.85669E-15
5849.081562	9.8042e-15
5850.076135	9.23165E-15
5851.070707	8.67266E-15
5852.06528	8.58343E-15
5853.059852	8.49462E-15
5854.054425	8.60061E-15
5855.048998	8.54162E-15
5856.04357	8.46177E-15
5857.038143	8.36177E-15
5858.032715	8.9401e-15
5859.027288	9.62541E-15
5860.021861	9.61323E-15
5861.016433	9.33975E-15
5862.011006	9.24971E-15
5863.005579	9.18861E-15
5864.000151	9.60942E-15
5864.994724	1.05574E-14
5865.989296	1.14509E-14
5866.983869	1.18622E-14
5867.978442	1.17748E-14
5868.973014	1.12534E-14
5869.967587	1.03778E-14
5870.962159	9.75514E-15
5871.956732	9.44531E-15
5872.951305	9.24774E-15
5873.945877	9.36463E-15
5874.94045	9.42258E-15
5875.935023	9.48902E-15
5876.929595	9.81632E-15
5877.924168	1.00529E-14
5878.91874	1.00437E-14
5879.913313	1.03944E-14
5880.907886	1.05698E-14
5881.902458	1.06526E-14
5882.897031	1.08269E-14
5883.891604	1.06791E-14
5884.886176	1.01538E-14
5885.880749	9.63223E-15
5886.875321	9.14274E-15
5887.869894	8.80144E-15
5888.864467	8.57807E-15
5889.859039	8.43072E-15
5890.853612	8.33427E-15
5891.848184	8.26803E-15
5892.842757	8.4669e-15
5893.83733	8.77343E-15
5894.831902	9.10636E-15
5895.826475	9.42852E-15
5896.821048	9.72636E-15
5897.81562	9.65209E-15
5898.810193	9.60727E-15
5899.804765	9.28825E-15
5900.799338	8.89636E-15
5901.793911	9.16111E-15
5902.788483	9.59251E-15
5903.783056	1.00835E-14
5904.777628	1.04748E-14
5905.772201	1.06759E-14
5906.766774	1.05019E-14
5907.761346	1.07953E-14
5908.755919	1.10669E-14
5909.750492	1.08598E-14
5910.745064	1.05515E-14
5911.739637	1.05745E-14
5912.734209	1.00489E-14
5913.728782	9.98457E-15
5914.723355	1.0437e-14
5915.717927	1.065e-14
5916.7125	1.03828E-14
5917.707073	1.036e-14
5918.701645	9.99131E-15
5919.696218	9.79898E-15
5920.69079	9.90036E-15
5921.685363	9.95222E-15
5922.679936	1.01575E-14
5923.674508	1.03033E-14
5924.669081	1.03751E-14
5925.663653	1.06024E-14
5926.658226	1.0989e-14
5927.652799	1.06575E-14
5928.647371	1.00221E-14
5929.641944	1.01888E-14
5930.636517	1.05028E-14
5931.631089	1.08608E-14
5932.625662	1.11689E-14
5933.620234	1.11701E-14
5934.614807	1.03643E-14
5935.60938	9.63131E-15
5936.603952	9.45633E-15
5937.598525	9.66219E-15
5938.593097	1.00332E-14
5939.58767	1.07145E-14
5940.582243	1.12752E-14
5941.576815	1.12144E-14
5942.571388	1.1114e-14
5943.565961	1.09176E-14
5944.560533	1.03707E-14
5945.555106	9.8394e-15
5946.549678	9.34282E-15
5947.544251	9.00238E-15
5948.538824	9.10136E-15
5949.533396	9.55718E-15
5950.527969	9.88279E-15
5951.522541	1.00488E-14
5952.517114	1.00216E-14
5953.511687	9.80705E-15
5954.506259	9.75111E-15
5955.500832	9.83965E-15
5956.495405	9.65346E-15
5957.489977	9.49928E-15
5958.48455	9.4871e-15
5959.479122	9.5834e-15
5960.473695	9.65875E-15
5961.468268	9.6276e-15
5962.46284	9.35005E-15
5963.457413	8.93945E-15
5964.451986	8.31286E-15
5965.446558	7.6218e-15
5966.441131	7.5744e-15
5967.435703	7.73278E-15
5968.430276	8.41607E-15
5969.424849	9.37194E-15
5970.419421	9.92987E-15
5971.413994	9.80263E-15
5972.408566	9.52604E-15
5973.403139	9.25668E-15
5974.397712	9.12867E-15
5975.392284	9.45498E-15
5976.386857	9.56972E-15
5977.38143	9.33791E-15
5978.376002	8.94022E-15
5979.370575	8.93293E-15
5980.365147	8.96545E-15
5981.35972	8.97818E-15
5982.354293	9.1234e-15
5983.348865	9.05345E-15
5984.343438	8.82067E-15
5985.33801	8.7147e-15
5986.332583	8.88953E-15
5987.327156	9.05238E-15
5988.321728	9.25653E-15
5989.316301	9.71453E-15
5990.310874	9.90386E-15
5991.305446	9.99953E-15
5992.300019	1.01434E-14
5993.294591	9.80012E-15
5994.289164	9.40496E-15
5995.283737	9.72679E-15
5996.278309	9.75604E-15
5997.272882	9.34526E-15
5998.267455	9.48922E-15
5999.262027	9.62819E-15
6000.2566	9.55986E-15
6001.251172	9.71072E-15
6002.245745	9.61739E-15
6003.240318	8.92855E-15
6004.23489	8.39519E-15
6005.229463	8.38157E-15
6006.224035	8.45216E-15
6007.218608	8.65516E-15
6008.213181	8.68533E-15
6009.207753	8.61106E-15
6010.202326	8.54437E-15
6011.196899	8.65534E-15
6012.191471	8.76127E-15
6013.186044	8.7769e-15
6014.180616	8.64891E-15
6015.175189	8.85903E-15
6016.169762	8.99599E-15
6017.164334	9.1226e-15
6018.158907	9.12458E-15
6019.153479	8.82254E-15
6020.148052	8.55574E-15
6021.142625	8.82223E-15
6022.137197	9.23315E-15
6023.13177	9.63867E-15
6024.126343	9.52638E-15
6025.120915	8.95384E-15
6026.115488	8.28867E-15
6027.11006	8.09261E-15
6028.104633	8.04753E-15
6029.099206	8.41136E-15
6030.093778	8.76313E-15
6031.088351	9.21348E-15
6032.082923	9.83973E-15
6033.077496	1.06965E-14
6034.072069	1.11054E-14
6035.066641	1.09443E-14
6036.061214	1.04398E-14
6037.055787	1.01026E-14
6038.050359	1.00188E-14
6039.044932	1.02194E-14
6040.039504	1.05557E-14
6041.034077	1.04212E-14
6042.02865	9.93407E-15
6043.023222	9.7723e-15
6044.017795	9.75616E-15
6045.012368	9.80373E-15
6046.00694	9.88193E-15
6047.001513	9.49188E-15
6047.996085	9.09873E-15
6048.990658	9.16001E-15
6049.985231	9.20192E-15
6050.979803	9.39968E-15
6051.974376	9.42623E-15
6052.968948	9.06472E-15
6053.963521	8.41791E-15
6054.958094	7.87173E-15
6055.952666	7.38039E-15
6056.947239	7.3359e-15
6057.941812	7.64842E-15
6058.936384	8.15675E-15
6059.930957	8.24715E-15
6060.925529	8.20698E-15
6061.920102	7.85136E-15
6062.914675	7.36154E-15
6063.909247	7.24943E-15
6064.90382	7.98829E-15
6065.898392	8.76646E-15
6066.892965	9.64442E-15
6067.887538	1.0737e-14
6068.88211	1.1032e-14
6069.876683	1.08417E-14
6070.871256	1.03937E-14
6071.865828	9.74745E-15
6072.860401	9.28145E-15
6073.854973	9.7066e-15
6074.849546	1.0306e-14
6075.844119	1.11073E-14
6076.838691	1.1378e-14
6077.833264	1.10939E-14
6078.827836	1.0707e-14
6079.822409	1.05899E-14
6080.816982	1.04969E-14
6081.811554	1.05938E-14
6082.806127	1.01231E-14
6083.8007	9.16868E-15
6084.795272	8.38026E-15
6085.789845	8.13019E-15
6086.784417	7.82303E-15
6087.77899	7.8101e-15
6088.773563	8.24602E-15
6089.768135	8.48188E-15
6090.762708	8.40264E-15
6091.757281	8.55319E-15
6092.751853	8.5547e-15
6093.746426	8.41272E-15
6094.740998	9.13422E-15
6095.735571	1.01351E-14
6096.730144	1.10467E-14
6097.724716	1.12063E-14
6098.719289	1.06869E-14
6099.713861	9.59185E-15
6100.708434	8.89275E-15
6101.703007	8.51521E-15
6102.697579	8.76548E-15
6103.692152	9.21002E-15
6104.686725	9.39093E-15
6105.681297	9.59631E-15
6106.67587	9.65744E-15
6107.670442	9.54737E-15
6108.665015	9.64487E-15
6109.659588	9.98272E-15
6110.65416	9.89304E-15
6111.648733	9.64918E-15
6112.643305	9.00474E-15
6113.637878	8.0404e-15
6114.632451	7.6654e-15
6115.627023	8.16941E-15
6116.621596	9.07473E-15
6117.616169	1.00457E-14
6118.610741	1.07072E-14
6119.605314	1.10344E-14
6120.599886	1.11642E-14
6121.594459	1.12244E-14
6122.589032	1.09105E-14
6123.583604	1.04254E-14
6124.578177	1.01431E-14
6125.57275	9.836e-15
6126.567322	9.38247E-15
6127.561895	9.6037e-15
6128.556467	9.77587E-15
6129.55104	9.74798E-15
6130.545613	1.0043e-14
6131.540185	1.00909E-14
6132.534758	1.00185E-14
6133.52933	1.03913E-14
6134.523903	1.07813E-14
6135.518476	1.10662E-14
6136.513048	1.13629E-14
6137.507621	1.11778E-14
6138.502194	1.11706E-14
6139.496766	1.10196E-14
6140.491339	1.06802E-14
6141.485911	1.01474E-14
6142.480484	9.5427e-15
6143.475057	9.04071E-15
6144.469629	9.07776E-15
6145.464202	8.81819E-15
6146.458774	8.38811E-15
6147.453347	8.29386E-15
6148.44792	8.45971E-15
6149.442492	8.80305E-15
6150.437065	8.91933E-15
6151.431638	8.57227E-15
6152.42621	7.9055e-15
6153.420783	7.24491E-15
6154.415355	6.82399E-15
6155.409928	6.81364E-15
6156.404501	7.21549E-15
6157.399073	7.81863E-15
6158.393646	8.58678E-15
6159.388218	9.54742E-15
6160.382791	1.04265E-14
6161.377364	1.04814E-14
6162.371936	1.01319E-14
6163.366509	1.00405E-14
6164.361082	9.52957E-15
6165.355654	8.63999E-15
6166.350227	7.52647E-15
6167.344799	7.29427E-15
6168.339372	7.23321E-15
6169.333945	7.55145E-15
6170.328517	8.17646E-15
6171.32309	8.87935E-15
6172.317663	8.78536E-15
6173.312235	8.92062E-15
6174.306808	9.56068E-15
6175.30138	9.76399E-15
6176.295953	9.53819E-15
6177.290526	9.09409E-15
6178.285098	8.1748e-15
6179.279671	6.88779E-15
6180.274243	6.52978E-15
6181.268816	6.99604E-15
6182.263389	8.0219e-15
6183.257961	8.81841E-15
6184.252534	9.4069e-15
6185.247107	9.52917E-15
6186.241679	9.52585E-15
6187.236252	9.21827E-15
6188.230824	9.00504E-15
6189.225397	8.5982e-15
6190.21997	8.22795E-15
6191.214542	8.2861e-15
6192.209115	8.62277E-15
6193.203687	9.01087E-15
6194.19826	9.17372E-15
6195.192833	9.337e-15
6196.187405	9.24015E-15
6197.181978	9.05686E-15
6198.176551	9.12739E-15
6199.171123	9.18001E-15
6200.165696	8.90856E-15
6201.160268	8.26994E-15
6202.154841	7.51998E-15
6203.149414	6.5201e-15
6204.143986	6.03881E-15
6205.138559	6.26981E-15
6206.133132	6.81722E-15
6207.127704	7.14029E-15
6208.122277	7.66289E-15
6209.116849	7.78436E-15
6210.111422	7.84404E-15
6211.105995	7.74399E-15
6212.100567	7.48621E-15
6213.09514	7.33597E-15
6214.089712	7.73283E-15
6215.084285	7.82557E-15
6216.078858	8.10248E-15
6217.07343	8.62617E-15
6218.068003	8.85621E-15
6219.062576	8.87864E-15
6220.057148	9.14033E-15
6221.051721	9.1091e-15
6222.046293	8.69798E-15
6223.040866	8.3399e-15
6224.035439	8.14944E-15
6225.030011	8.04576E-15
6226.024584	8.32721E-15
6227.019156	8.90714E-15
6228.013729	9.5666e-15
6229.008302	9.82386E-15
6230.002874	9.68926E-15
6230.997447	9.42339E-15
6231.99202	9.0798e-15
6232.986592	8.7062e-15
6233.981165	8.99633E-15
6234.975737	9.6211e-15
6235.97031	9.98177E-15
6236.964883	1.00362E-14
6237.959455	1.03195E-14
6238.954028	1.01759E-14
6239.9486	9.72069E-15
6240.943173	9.63899E-15
6241.937746	9.68481E-15
6242.932318	8.96266E-15
6243.926891	9.48876E-15
6244.921464	9.96522E-15
6245.916036	9.66083E-15
6246.910609	9.34973E-15
6247.905181	9.1396e-15
6248.899754	8.26795E-15
6249.894327	8.50427E-15
6250.888899	8.8649e-15
6251.883472	8.65225E-15
6252.878045	8.63186E-15
6253.872617	9.00683E-15
6254.86719	8.92896E-15
6255.861762	9.01855E-15
6256.856335	9.23983E-15
6257.850908	9.47534E-15
6258.84548	9.68978E-15
6259.840053	1.03366E-14
6260.834625	1.11347E-14
6261.829198	1.14881E-14
6262.823771	1.1488e-14
6263.818343	1.20951E-14
6264.812916	1.26105E-14
6265.807489	1.2251e-14
6266.802061	1.16691E-14
6267.796634	1.1048e-14
6268.791206	9.948e-15
6269.785779	9.10709E-15
6270.780352	9.27064E-15
6271.774924	9.24146E-15
6272.769497	9.01965E-15
6273.764069	9.24505E-15
6274.758642	9.78829E-15
6275.753215	9.75252E-15
6276.747787	9.97043E-15
6277.74236	1.01938E-14
6278.736933	1.02501E-14
6279.731505	1.04769E-14
6280.726078	1.09815E-14
6281.72065	1.13925E-14
6282.715223	1.10685E-14
6283.709796	1.04287E-14
6284.704368	9.71053E-15
6285.698941	8.91783E-15
6286.693513	8.87405E-15
6287.688086	9.4986e-15
6288.682659	9.77759E-15
6289.677231	1.00089E-14
6290.671804	1.01553E-14
6291.666377	9.87145E-15
6292.660949	9.75528E-15
6293.655522	9.75661E-15
6294.650094	9.54708E-15
6295.644667	9.81472E-15
6296.63924	1.02543E-14
6297.633812	1.00482E-14
6298.628385	1.03989E-14
6299.622958	1.04055E-14
6300.61753	1.02417E-14
6301.612103	1.04906E-14
6302.606675	1.11403E-14
6303.601248	1.08175E-14
6304.595821	1.05783E-14
6305.590393	1.04548E-14
6306.584966	1.0316e-14
6307.579538	1.03972E-14
6308.574111	1.03452E-14
6309.568684	1.03967E-14
6310.563256	1.02969E-14
6311.557829	1.00993E-14
6312.552402	9.65555E-15
6313.546974	9.18544E-15
6314.541547	8.80377E-15
6315.536119	9.16478E-15
6316.530692	1.04437E-14
6317.525265	1.17098E-14
6318.519837	1.24741E-14
6319.51441	1.24875E-14
6320.508982	1.20605E-14
6321.503555	1.16724E-14
6322.498128	1.17226E-14
6323.4927	1.19812E-14
6324.487273	1.14367E-14
6325.481846	1.06102E-14
6326.476418	1.0251e-14
6327.470991	9.87563E-15
6328.465563	9.27597E-15
6329.460136	9.27585E-15
6330.454709	9.39086E-15
6331.449281	9.64056E-15
6332.443854	1.06096E-14
6333.438427	1.13445E-14
6334.432999	1.10434E-14
6335.427572	1.0177e-14
6336.422144	9.17279E-15
6337.416717	8.7442e-15
6338.41129	9.02543E-15
6339.405862	9.36283E-15
6340.400435	9.35021E-15
6341.395007	8.99825E-15
6342.38958	8.45628E-15
6343.384153	7.9985e-15
6344.378725	8.52512E-15
6345.373298	9.17191E-15
6346.367871	1.02613E-14
6347.362443	1.15904E-14
6348.357016	1.2868e-14
6349.351588	1.35035E-14
6350.346161	1.33848E-14
6351.340734	1.25386E-14
6352.335306	1.12676E-14
6353.329879	9.73967E-15
6354.324451	8.57644E-15
6355.319024	8.26968E-15
6356.313597	7.95947E-15
6357.308169	8.03478E-15
6358.302742	9.0133e-15
6359.297315	9.76969E-15
6360.291887	1.08141E-14
6361.28646	1.10608E-14
6362.281032	1.11823E-14
6363.275605	1.14646E-14
6364.270178	1.17784E-14
6365.26475	1.19315E-14
6366.259323	1.29146E-14
6367.253895	1.26263E-14
6368.248468	1.15417E-14
6369.243041	1.1353e-14
6370.237613	1.10993E-14
6371.232186	1.0817e-14
6372.226759	1.12083E-14
6373.221331	1.13059E-14
6374.215904	1.06144E-14
6375.210476	1.01262E-14
6376.205049	9.4919e-15
6377.199622	8.85586E-15
6378.194194	8.89452E-15
6379.188767	8.59392E-15
6380.18334	8.66769E-15
6381.177912	8.58446E-15
6382.172485	8.28316E-15
6383.167057	8.2809e-15
6384.16163	9.41714E-15
6385.156203	1.02012E-14
6386.150775	1.09119E-14
6387.145348	1.1945e-14
6388.13992	1.21354E-14
6389.134493	1.20957E-14
6390.129066	1.21214E-14
6391.123638	1.19147E-14
6392.118211	1.08784E-14
6393.112784	1.02308E-14
6394.107356	9.77278E-15
6395.101929	9.74755E-15
6396.096501	9.75984E-15
6397.091074	1.02245E-14
6398.085647	1.02349E-14
6399.080219	9.5684e-15
6400.074792	8.74331E-15
6401.069364	8.57851E-15
6402.063937	8.76296E-15
6403.05851	9.79755E-15
6404.053082	1.10913E-14
6405.047655	1.22185E-14
6406.042228	1.24485E-14
6407.0368	1.22387E-14
6408.031373	1.22718E-14
6409.025945	1.23131E-14
6410.020518	1.21035E-14
6411.015091	1.19554E-14
6412.009663	1.14972E-14
6413.004236	1.07072E-14
6413.998809	9.86462E-15
6414.993381	9.81103E-15
6415.987954	9.99651E-15
6416.982526	1.05488E-14
6417.977099	1.08194E-14
6418.971672	1.11719E-14
6419.966244	1.14719E-14
6420.960817	1.19861E-14
6421.955389	1.18277E-14
6422.949962	1.17493E-14
6423.944535	1.10957E-14
6424.939107	1.10131E-14
6425.93368	1.16597E-14
6426.928253	1.27294E-14
6427.922825	1.2676e-14
6428.917398	1.23223E-14
6429.91197	1.13829E-14
6430.906543	1.07495E-14
6431.901116	1.08588E-14
6432.895688	1.14006E-14
6433.890261	1.08646E-14
6434.884833	1.0402e-14
6435.879406	9.96116E-15
6436.873979	9.71695E-15
6437.868551	9.76624E-15
6438.863124	9.88286E-15
6439.857697	9.38564E-15
6440.852269	9.43877E-15
6441.846842	9.52693E-15
6442.841414	9.8101e-15
6443.835987	1.02089E-14
6444.83056	1.00078E-14
6445.825132	9.8219e-15
6446.819705	9.97212E-15
6447.814277	1.02136E-14
6448.80885	1.01803E-14
6449.803423	9.9844e-15
6450.797995	9.65725E-15
6451.792568	9.798e-15
6452.787141	9.90207E-15
6453.781713	1.05032E-14
6454.776286	1.13688E-14
6455.770858	1.19497E-14
6456.765431	1.18877E-14
6457.760004	1.17655E-14
6458.754576	1.14031E-14
6459.749149	1.12796E-14
6460.743722	1.14477E-14
6461.738294	1.18222E-14
6462.732867	1.21183E-14
6463.727439	1.22975E-14
6464.722012	1.22508E-14
6465.716585	1.20993E-14
6466.711157	1.15924E-14
6467.70573	1.07427E-14
6468.700302	1.01949E-14
6469.694875	1.03358E-14
6470.689448	1.03325E-14
6471.68402	1.03409E-14
6472.678593	1.00446E-14
6473.673166	9.61937E-15
6474.667738	9.64421E-15
6475.662311	1.04632E-14
6476.656883	1.12183E-14
6477.651456	1.1752e-14
6478.646029	1.17346E-14
6479.640601	1.09442E-14
6480.635174	1.02791E-14
6481.629746	9.90145E-15
6482.624319	9.94826E-15
6483.618892	1.05345E-14
6484.613464	1.11915E-14
6485.608037	1.10688E-14
6486.60261	1.10902E-14
6487.597182	1.14826E-14
6488.591755	1.16622E-14
6489.586327	1.17407E-14
6490.5809	1.17473E-14
6491.575473	1.1545e-14
6492.570045	1.08477E-14
6493.564618	1.01265E-14
6494.55919	9.99949E-15
6495.553763	1.00995E-14
6496.548336	9.78236E-15
6497.542908	9.59992E-15
6498.537481	9.62431E-15
6499.532054	9.63122E-15
6500.526626	9.76593E-15
6501.521199	1.04058E-14
6502.515771	1.05499E-14
6503.510344	1.01354E-14
6504.504917	9.59832E-15
6505.499489	9.45427E-15
6506.494062	9.398e-15
6507.488635	9.4441e-15
6508.483207	9.531e-15
6509.47778	9.4017e-15
6510.472352	9.51956E-15
6511.466925	9.88038E-15
6512.461498	1.03958E-14
6513.45607	1.05099E-14
6514.450643	1.0101e-14
6515.445215	9.2411e-15
6516.439788	9.1281e-15
6517.434361	9.88878E-15
6518.428933	1.02838E-14
6519.423506	1.03694E-14
6520.418079	1.0171e-14
6521.412651	9.5937e-15
6522.407224	9.10737E-15
6523.401796	9.36902E-15
6524.396369	9.53257E-15
6525.390942	9.35582E-15
6526.385514	9.23064E-15
6527.380087	9.78419E-15
6528.374659	1.08801E-14
6529.369232	1.17561E-14
6530.363805	1.21879E-14
6531.358377	1.20868E-14
6532.35295	1.10645E-14
6533.347523	9.57868E-15
6534.342095	8.22177E-15
6535.336668	6.95725E-15
6536.33124	6.26413E-15
6537.325813	6.64469E-15
6538.320386	8.61808E-15
6539.314958	1.06924E-14
6540.309531	1.2546e-14
6541.304104	1.32327E-14
6542.298676	1.27763E-14
6543.293249	1.15017E-14
6544.287821	1.11233E-14
6545.282394	1.10021E-14
6546.276967	1.07214E-14
6547.271539	1.07815E-14
6548.266112	1.05865E-14
6549.260684	9.65134E-15
6550.255257	8.96552E-15
6551.24983	8.93569E-15
6552.244402	8.81618E-15
6553.238975	8.89039E-15
6554.233548	9.49085E-15
6555.22812	1.03142E-14
6556.222693	1.06587E-14
6557.217265	1.05723E-14
6558.211838	1.03748E-14
6559.206411	9.73235E-15
6560.200983	8.85367E-15
6561.195556	8.85839E-15
6562.190128	9.69155E-15
6563.184701	1.10938E-14
6564.179274	1.26735E-14
6565.173846	1.37742E-14
6566.168419	1.45941E-14
6567.162992	1.43052E-14
6568.157564	1.29824E-14
6569.152137	1.16737E-14
6570.146709	1.07508E-14
6571.141282	9.95723E-15
6572.135855	9.99455E-15
6573.130427	1.03955E-14
6574.125	1.03443E-14
6575.119572	1.01051E-14
6576.114145	1.00696E-14
6577.108718	9.13444E-15
6578.10329	8.60685E-15
6579.097863	9.0641e-15
6580.092436	9.46411E-15
6581.087008	9.893e-15
6582.081581	1.11617E-14
6583.076153	1.17654E-14
6584.070726	1.19955E-14
6585.065299	1.27531E-14
6586.059871	1.35962E-14
6587.054444	1.36025E-14
6588.049017	1.26616E-14
6589.043589	1.16039E-14
6590.038162	1.00126E-14
6591.032734	8.58158E-15
6592.027307	8.67141E-15
6593.02188	9.52167E-15
6594.016452	9.62299E-15
6595.011025	1.00131E-14
6596.005597	1.03447E-14
6597.00017	9.9086e-15
6597.994743	9.18308E-15
6598.989315	9.02561E-15
6599.983888	8.46636E-15
6600.978461	7.76247E-15
6601.973033	7.57261E-15
6602.967606	7.54786E-15
6603.962178	7.02344E-15
6604.956751	6.79871E-15
6605.951324	7.22462E-15
6606.945896	8.30581E-15
6607.940469	9.19303E-15
6608.935041	9.77514E-15
6609.929614	9.93153E-15
6610.924187	9.61899E-15
6611.918759	9.16981E-15
6612.913332	9.10852E-15
6613.907905	8.92202E-15
6614.902477	8.83484E-15
6615.89705	9.02327E-15
6616.891622	9.19808E-15
6617.886195	9.33574E-15
6618.880768	1.05861E-14
6619.87534	1.21816E-14
6620.869913	1.33071E-14
6621.864486	1.39842E-14
6622.859058	1.40032E-14
6623.853631	1.28489E-14
6624.848203	1.21745E-14
6625.842776	1.17279E-14
6626.837349	1.09939E-14
6627.831921	1.02688E-14
6628.826494	1.00483E-14
6629.821066	9.6015e-15
6630.815639	9.59372E-15
6631.810212	9.23639E-15
6632.804784	8.23298E-15
6633.799357	7.51478E-15
6634.79393	7.77483E-15
6635.788502	8.28767E-15
6636.783075	9.37362E-15
6637.777647	1.03003E-14
6638.77222	1.11022E-14
6639.766793	1.18727E-14
6640.761365	1.20466E-14
6641.755938	1.13699E-14
6642.75051	1.03774E-14
6643.745083	8.71968E-15
6644.739656	7.56925E-15
6645.734228	7.64151E-15
6646.728801	8.96357E-15
6647.723374	9.83526E-15
6648.717946	1.06478E-14
6649.712519	1.04906E-14
6650.707091	9.81518E-15
6651.701664	8.75948E-15
6652.696237	8.60988E-15
6653.690809	8.58235E-15
6654.685382	8.90669E-15
6655.679954	8.88809E-15
6656.674527	8.3637e-15
6657.6691	8.13713E-15
6658.663672	8.06763E-15
6659.658245	7.70538E-15
6660.652818	7.54578E-15
6661.64739	7.35061E-15
6662.641963	6.8424e-15
6663.636535	7.04691E-15
6664.631108	7.91706E-15
6665.625681	8.33876E-15
6666.620253	8.87258E-15
6667.614826	9.39663E-15
6668.609399	9.4109e-15
6669.603971	9.75952E-15
6670.598544	1.03461E-14
6671.593116	1.05735E-14
6672.587689	1.04585E-14
6673.582262	1.00435E-14
6674.576834	9.26932E-15
6675.571407	9.07842E-15
6676.565979	9.03952E-15
6677.560552	9.19424E-15
6678.555125	9.41385E-15
6679.549697	8.92927E-15
6680.54427	8.57228E-15
6681.538843	8.79664E-15
6682.533415	8.67687E-15
6683.527988	8.69627E-15
6684.52256	9.09571E-15
6685.517133	8.26591E-15
6686.511706	7.85764E-15
6687.506278	7.8224e-15
6688.500851	7.70021E-15
6689.495423	7.86921E-15
6690.489996	8.72644E-15
6691.484569	8.81825E-15
6692.479141	8.04783E-15
6693.473714	7.01774E-15
6694.468287	6.60779E-15
6695.462859	6.51827E-15
6696.457432	6.93121E-15
6697.452004	8.09138E-15
6698.446577	8.4807e-15
6699.44115	8.89518E-15
6700.435722	9.06779E-15
6701.430295	8.29701E-15
6702.424867	7.13959E-15
6703.41944	6.72822E-15
6704.414013	6.2733e-15
6705.408585	6.50906E-15
6706.403158	7.25124E-15
6707.397731	8.57097E-15
6708.392303	9.06091E-15
6709.386876	8.95967E-15
6710.381448	9.5256e-15
6711.376021	9.24943E-15
6712.370594	8.42925E-15
6713.365166	8.61559E-15
6714.359739	8.71631E-15
6715.354312	7.8653e-15
6716.348884	7.67104E-15
6717.343457	7.36462E-15
6718.338029	6.7421e-15
6719.332602	5.99375E-15
6720.327175	6.12458E-15
6721.321747	7.07336E-15
6722.31632	8.313e-15
6723.310892	9.55248E-15
6724.305465	1.02281E-14
6725.300038	9.7007e-15
6726.29461	9.08451E-15
6727.289183	8.73443E-15
6728.283756	8.70831E-15
6729.278328	8.88442E-15
6730.272901	9.16901E-15
6731.267473	9.11811E-15
6732.262046	9.23334E-15
6733.256619	9.44133E-15
6734.251191	9.24797E-15
6735.245764	8.87684E-15
6736.240336	8.79815E-15
6737.234909	7.99891E-15
6738.229482	7.0682e-15
6739.224054	7.01754E-15
6740.218627	6.69031E-15
6741.2132	6.65798E-15
6742.207772	7.30063E-15
6743.202345	7.89408E-15
6744.196917	8.22977E-15
6745.19149	8.89697E-15
6746.186063	9.01658E-15
6747.180635	8.71124E-15
6748.175208	8.25496E-15
6749.169781	8.1919e-15
6750.164353	7.76668E-15
6751.158926	7.39419E-15
6752.153498	6.71232E-15
6753.148071	6.35997E-15
6754.142644	6.26044E-15
6755.137216	7.08997E-15
6756.131789	8.07091E-15
6757.126361	9.19323E-15
6758.120934	9.55945E-15
6759.115507	9.41074E-15
6760.110079	8.7925e-15
6761.104652	7.82356E-15
6762.099225	6.88946E-15
6763.093797	6.46779E-15
6764.08837	6.28527E-15
6765.082942	6.33672E-15
6766.077515	6.56655E-15
6767.072088	7.12319E-15
6768.06666	7.47272E-15
6769.061233	7.41138E-15
6770.055805	7.67276E-15
6771.050378	7.93275E-15
6772.044951	7.29881E-15
6773.039523	7.0913e-15
6774.034096	7.04901E-15
6775.028669	6.55521E-15
6776.023241	6.11223E-15
6777.017814	6.24292E-15
6778.012386	5.86825E-15
6779.006959	5.58921E-15
6780.001532	5.78413E-15
6780.996104	6.772e-15
6781.990677	7.79348E-15
6782.985249	8.81496E-15
6783.979822	9.7574e-15
6784.974395	9.6791e-15
6785.968967	9.45784E-15
6786.96354	9.43532E-15
6787.958113	8.74165E-15
6788.952685	8.0527e-15
6789.947258	8.21512E-15
6790.94183	7.60732E-15
6791.936403	6.85708E-15
6792.930976	6.36797E-15
6793.925548	5.64085E-15
6794.920121	5.57253E-15
6795.914694	5.89301E-15
6796.909266	6.21679E-15
6797.903839	6.54673E-15
6798.898411	6.68857E-15
6799.892984	6.31954E-15
6800.887557	6.5384e-15
6801.882129	6.71438E-15
6802.876702	6.88146E-15
6803.871274	6.73257E-15
6804.865847	7.11922E-15
6805.86042	7.85401E-15
6806.854992	7.95103E-15
6807.849565	8.25698E-15
6808.844138	8.77835E-15
6809.83871	8.32903E-15
6810.833283	7.64633E-15
6811.827855	7.21604E-15
6812.822428	6.02531E-15
6813.817001	5.3235e-15
6814.811573	5.6129e-15
6815.806146	6.19863E-15
6816.800718	6.54069E-15
6817.795291	7.40036E-15
6818.789864	7.63878E-15
6819.784436	7.6106e-15
6820.779009	7.84351E-15
6821.773582	8.16896E-15
6822.768154	7.77023E-15
6823.762727	7.58706E-15
6824.757299	7.35394E-15
6825.751872	6.75845E-15
6826.746445	6.04994E-15
6827.741017	5.36052E-15
6828.73559	5.05889E-15
6829.730163	4.88263E-15
6830.724735	4.74008E-15
6831.719308	4.99757E-15
6832.71388	5.53267E-15
6833.708453	5.66268E-15
6834.703026	5.98299E-15
6835.697598	6.54477E-15
6836.692171	6.21005E-15
6837.686743	6.22143E-15
6838.681316	6.32394E-15
6839.675889	5.9309e-15
6840.670461	5.52315E-15
6841.665034	5.6022e-15
6842.659607	5.56932E-15
6843.654179	6.45601E-15
6844.648752	7.41967E-15
6845.643324	7.3876e-15
6846.637897	7.09292E-15
6847.63247	6.42634E-15
6848.627042	5.5076e-15
6849.621615	4.68716E-15
6850.616187	4.7041e-15
6851.61076	4.71466E-15
6852.605333	4.62406E-15
6853.599905	4.09881E-15
6854.594478	3.6325e-15
6855.589051	3.39619E-15
6856.583623	4.02924E-15
6857.578196	5.66827E-15
6858.572768	7.45683E-15
6859.567341	7.98368E-15
6860.561914	8.05622E-15
6861.556486	7.96421E-15
6862.551059	7.378e-15
6863.545631	6.87065E-15
6864.540204	6.75199E-15
6865.534777	6.37416E-15
6866.529349	6.64099E-15
6867.523922	7.34109E-15
6868.518495	7.39448E-15
6869.513067	6.82073E-15
6870.50764	6.30682E-15
6871.502212	6.037e-15
6872.496785	6.05678E-15
6873.491358	6.60197E-15
6874.48593	6.61691E-15
6875.480503	5.60198E-15
6876.475076	4.84936E-15
6877.469648	4.82175E-15
6878.464221	4.85792E-15
6879.458793	5.9615e-15
6880.453366	6.93786E-15
6881.447939	7.27488E-15
6882.442511	7.50259E-15
6883.437084	7.87558E-15
6884.431656	7.62481E-15
6885.426229	7.57896E-15
6886.420802	7.14118E-15
6887.415374	6.36532E-15
6888.409947	5.52208E-15
6889.40452	4.94943E-15
6890.399092	5.07989E-15
6891.393665	5.80759E-15
6892.388237	6.39698E-15
6893.38281	6.52916E-15
6894.377383	6.41669E-15
6895.371955	5.06067E-15
6896.366528	3.80975E-15
6897.3611	3.73103E-15
6898.355673	4.43304E-15
6899.350246	5.37612E-15
6900.344818	6.72958E-15
6901.339391	6.99975E-15
6902.333964	6.85227E-15
6903.328536	6.56151E-15
6904.323109	6.04429E-15
6905.317681	6.1987e-15
6906.312254	6.37828E-15
6907.306827	5.87665E-15
6908.301399	5.71614E-15
6909.295972	5.98188E-15
6910.290544	5.75431E-15
6911.285117	6.01846E-15
6912.27969	6.57644E-15
6913.274262	6.42581E-15
6914.268835	6.6831e-15
6915.263408	6.87677E-15
6916.25798	7.40748E-15
6917.252553	6.89229E-15
6918.247125	6.59085E-15
6919.241698	6.1278e-15
6920.236271	5.9451e-15
6921.230843	5.54908E-15
6922.225416	6.20398E-15
6923.219989	6.2123e-15
6924.214561	5.64157E-15
6925.209134	5.55216E-15
6926.203706	5.19868E-15
6927.198279	5.27276E-15
6928.192852	5.55251E-15
6929.187424	6.34703E-15
6930.181997	6.33685E-15
6931.176569	5.9935e-15
6932.171142	5.41815E-15
6933.165715	5.5659e-15
6934.160287	5.72575E-15
6935.15486	6.42095E-15
6936.149433	6.73601E-15
6937.144005	6.91379E-15
6938.138578	6.85622E-15
6939.13315	7.74778E-15
6940.127723	9.05963E-15
6941.122296	1.00816E-14
6942.116868	9.86219E-15
6943.111441	8.89963E-15
6944.106013	7.19904E-15
6945.100586	6.04374E-15
6946.095159	5.3661e-15
6947.089731	4.98389E-15
6948.084304	5.04945E-15
6949.078877	5.27391E-15
6950.073449	5.68184E-15
6951.068022	6.06672E-15
6952.062594	6.23654E-15
6953.057167	6.03895E-15
6954.05174	5.96328E-15
6955.046312	5.5954e-15
6956.040885	5.61999E-15
6957.035458	6.19205E-15
6958.03003	6.55125E-15
6959.024603	6.86601E-15
6960.019175	7.47667E-15
6961.013748	7.7603e-15
