wavelength,flux
3800.0,2.041405E-19
3802.560164,-2.110876E-18
3805.120327,-4.787476E-18
3807.680491,1.47465e-17
3810.240655,2.889775E-17
3812.800819,8.812775E-18
3815.360982,5.094114E-18
3817.921146,3.028826E-19
3820.48131,-2.870723E-18
3823.041474,1.605124E-18
3825.601637,8.352843E-18
3828.161801,1.143094E-17
3830.721965,2.408491E-18
3833.282129,4.604053E-18
3835.842292,2.715754E-17
3838.402456,2.336992E-17
3840.96262,7.207971E-18
3843.522784,1.224429E-17
3846.082947,1.273725E-17
3848.643111,1.725124E-17
3851.203275,1.446142E-17
3853.763438,9.702731E-18
3856.323602,1.818391E-17
3858.883766,2.06367e-17
3861.44393,1.509777E-17
3864.004093,9.579947E-18
3866.564257,2.610677E-18
3869.124421,2.149941E-18
3871.684585,2.239609E-17
3874.244748,1.657591E-17
3876.804912,4.826227E-18
3879.365076,1.252698E-17
3881.92524,8.610847E-18
3884.485403,2.456176E-18
3887.045567,8.399893E-18
3889.605731,8.54566e-18
3892.165895,2.538176E-18
3894.726058,1.173446E-17
3897.286222,6.503301E-18
3899.846386,5.784016E-18
3902.406549,1.254149E-17
3904.966713,2.08891e-17
3907.526877,2.170429E-17
3910.087041,2.169603E-17
3912.647204,2.09116e-17
3915.207368,-8.697799E-18
3917.767532,3.75184e-18
3920.327696,2.47469e-17
3922.887859,6.679737E-18
3925.448023,1.138416E-17
3928.008187,1.929799E-17
3930.568351,2.599944E-18
3933.128514,4.459202E-18
3935.688678,2.258546E-17
3938.248842,2.190419E-17
3940.809005,7.511975E-18
3943.369169,8.552914E-18
3945.929333,1.680039E-17
3948.489497,1.326334E-17
3951.04966,5.095923E-18
3953.609824,8.488968E-18
3956.169988,1.928508E-17
3958.730152,7.396467E-18
3961.290315,8.896313E-19
3963.850479,1.741334E-17
3966.410643,1.561984E-17
3968.970807,1.050896E-17
3971.53097,1.697692E-17
3974.091134,1.260894E-17
3976.651298,4.509019E-18
3979.211462,1.272921E-17
3981.771625,1.289783E-17
3984.331789,1.669848E-17
3986.891953,2.516729E-18
3989.452116,-3.560075E-18
3992.01228,1.844384E-17
3994.572444,1.912738E-17
3997.132608,1.324086E-17
3999.692771,1.070382E-17
4002.252935,1.569248E-17
4004.813099,1.481579E-17
4007.373263,8.149057E-18
4009.933426,8.865517E-18
4012.49359,1.632095E-17
4015.053754,1.266005E-17
4017.613918,1.569619E-17
4020.174081,1.428821E-17
4022.734245,1.015289E-17
4025.294409,1.071534E-17
4027.854573,2.042398E-18
4030.414736,4.71886e-18
4032.9749,1.898904E-17
4035.535064,1.246583E-17
4038.095227,1.489847E-17
4040.655391,2.289302E-17
4043.215555,1.551004E-17
4045.775719,1.000796E-17
4048.335882,7.063437E-18
4050.896046,1.464577E-17
4053.45621,1.550124E-17
4056.016374,1.291928E-17
4058.576537,1.717562E-17
4061.136701,2.461038E-17
4063.696865,1.71348e-17
4066.257029,1.846093E-17
4068.817192,1.880529E-17
4071.377356,2.151857E-17
4073.93752,1.394805E-17
4076.497684,1.725717E-17
4079.057847,1.968208E-17
4081.618011,1.043455E-17
4084.178175,1.376762E-17
4086.738338,2.468825E-17
4089.298502,1.934784E-17
4091.858666,7.456302E-18
4094.41883,6.422122E-18
4096.978993,7.422659E-18
4099.539157,1.166441E-17
4102.099321,1.870694E-17
4104.659485,1.934128E-17
4107.219648,1.468557E-17
4109.779812,1.415116E-17
4112.339976,8.923677E-18
4114.90014,4.884689E-18
4117.460303,1.004216E-17
4120.020467,2.1438e-17
4122.580631,2.853381E-17
4125.140795,1.758778E-17
4127.700958,1.846035E-17
4130.261122,2.037217E-17
4132.821286,1.193054E-17
4135.381449,1.692955E-17
4137.941613,2.425636E-17
4140.501777,2.31947e-17
4143.061941,1.873189E-17
4145.622104,2.004896E-17
4148.182268,1.290587E-17
4150.742432,1.321206E-17
4153.302596,1.50019e-17
4155.862759,1.469975E-17
4158.422923,2.24219e-17
4160.983087,2.208264E-17
4163.543251,1.455169E-17
4166.103414,7.589329E-18
4168.663578,1.040555E-17
4171.223742,1.68144e-17
4173.783906,1.336563E-17
4176.344069,4.170429E-18
4178.904233,5.855926E-18
4181.464397,7.321056E-18
4184.02456,1.484261E-17
4186.584724,1.93001e-17
4189.144888,2.194319E-17
4191.705052,1.722175E-17
4194.265215,1.762026E-17
4196.825379,1.89016e-17
4199.385543,1.699563E-17
4201.945707,1.618025E-17
4204.50587,7.647042E-18
4207.066034,1.801476E-17
4209.626198,3.078039E-17
4212.186362,2.16038e-17
4214.746525,1.464426E-17
4217.306689,7.191119E-18
4219.866853,1.985419E-17
4222.427016,3.332459E-17
4224.98718,2.501671E-17
4227.547344,2.040997E-17
4230.107508,1.836648E-17
4232.667671,2.076335E-17
4235.227835,1.21034e-17
4237.787999,1.406222E-17
4240.348163,1.897435E-17
4242.908326,1.582793E-18
4245.46849,-7.549917E-19
4248.028654,1.705789E-17
4250.588818,1.872254E-17
4253.148981,2.029329E-17
4255.709145,1.346468E-17
4258.269309,1.635517E-17
4260.829473,2.968977E-17
4263.389636,1.349962E-17
4265.9498,5.866156E-18
4268.509964,1.776398E-17
4271.070127,1.108043E-17
4273.630291,9.559731E-18
4276.190455,2.480784E-17
4278.750619,2.43266e-17
4281.310782,1.885528E-17
4283.870946,6.33057e-18
4286.43111,-4.551725E-18
4288.991274,8.858815E-18
4291.551437,2.042461E-17
4294.111601,6.736247E-18
4296.671765,7.30484e-18
4299.231929,1.286345E-17
4301.792092,1.102662E-17
4304.352256,6.422839E-18
4306.91242,1.234005E-17
4309.472584,9.626249E-18
4312.032747,6.176716E-18
4314.592911,9.126442E-18
4317.153075,1.796836E-17
4319.713238,1.836721E-17
4322.273402,6.950819E-18
4324.833566,1.577292E-18
4327.39373,9.778071E-18
4329.953893,2.219579E-17
4332.514057,2.355251E-17
4335.074221,1.51882e-17
4337.634385,1.406201E-17
4340.194548,2.327226E-17
4342.754712,2.913261E-17
4345.314876,8.920065E-18
4347.87504,6.952956E-18
4350.435203,1.179042E-17
4352.995367,1.74941e-17
4355.555531,1.037819E-17
4358.115695,6.096512E-18
4360.675858,9.13305e-18
4363.236022,9.513052E-18
4365.796186,6.797422E-18
4368.356349,1.248632E-17
4370.916513,1.537705E-17
4373.476677,1.405641E-17
4376.036841,2.041721E-17
4378.597004,1.833722E-17
4381.157168,1.693007E-17
4383.717332,2.22339e-17
4386.277496,1.443548E-17
4388.837659,4.062322E-18
4391.397823,9.670988E-18
4393.957987,1.422196E-17
4396.518151,1.464433E-17
4399.078314,2.423169E-17
4401.638478,2.11771e-17
4404.198642,5.338995E-18
4406.758806,8.491501E-18
4409.318969,2.069805E-17
4411.879133,2.056113E-17
4414.439297,1.62378e-17
4416.99946,1.758902E-17
4419.559624,1.55257e-17
4422.119788,7.072605E-18
4424.679952,6.304306E-18
4427.240115,6.79797e-18
4429.800279,1.227597E-17
4432.360443,1.616981E-17
4434.920607,8.925062E-18
4437.48077,1.385101E-17
4440.040934,1.948092E-17
4442.601098,2.095652E-17
4445.161262,6.508269E-18
4447.721425,7.361763E-18
4450.281589,1.83656e-17
4452.841753,2.183399E-17
4455.401917,1.028911E-17
4457.96208,1.428527E-17
4460.522244,2.019805E-17
4463.082408,1.438777E-17
4465.642571,2.661267E-17
4468.202735,2.045944E-17
4470.762899,1.337921E-17
4473.323063,1.501891E-17
4475.883226,1.767581E-17
4478.44339,1.490794E-17
4481.003554,8.210197E-19
4483.563718,1.162845E-17
4486.123881,2.34832e-17
4488.684045,2.131525E-17
4491.244209,1.265606E-17
4493.804373,4.95821e-18
4496.364536,9.596121E-18
4498.9247,1.54314e-17
4501.484864,2.083685E-17
4504.045027,1.851102E-17
4506.605191,1.289547E-17
4509.165355,2.013243E-17
4511.725519,2.200315E-17
4514.285682,1.065367E-17
4516.845846,7.626541E-18
4519.40601,8.07802e-18
4521.966174,1.803724E-18
4524.526337,1.233279E-17
4527.086501,1.32115e-17
4529.646665,1.247132E-17
4532.206829,2.029149E-17
4534.766992,1.829022E-17
4537.327156,1.602595E-17
4539.88732,1.013299E-17
4542.447484,1.015997E-17
4545.007647,2.145233E-17
4547.567811,2.508162E-17
4550.127975,1.416451E-17
4552.688138,1.580108E-17
4555.248302,1.291261E-17
4557.808466,1.045264E-17
4560.36863,3.212598E-17
4562.928793,2.551967E-17
4565.488957,1.717943E-17
4568.049121,2.292793E-17
4570.609285,3.097486E-17
4573.169448,4.194662E-17
4575.729612,3.382446E-17
4578.289776,1.98445e-17
4580.84994,2.079078E-17
4583.410103,2.42676e-17
4585.970267,2.26471e-17
4588.530431,3.155099E-17
4591.090595,3.762062E-17
4593.650758,3.541428E-17
4596.210922,1.347851E-17
4598.771086,3.117856E-18
4601.331249,3.627054E-19
4603.891413,2.325477E-17
4606.451577,4.330893E-17
4609.011741,3.309586E-17
4611.571904,2.493279E-17
4614.132068,1.711425E-17
4616.692232,2.096197E-17
4619.252396,1.392853E-17
4621.812559,2.067039E-17
4624.372723,1.889159E-17
4626.932887,1.39159e-17
4629.493051,9.228274E-18
4632.053214,4.925271E-18
4634.613378,3.905999E-18
4637.173542,5.858621E-18
4639.733706,1.069587E-17
4642.293869,1.309467E-17
4644.854033,1.484686E-17
4647.414197,1.011008E-17
4649.97436,8.267588E-18
4652.534524,1.314268E-17
4655.094688,1.693934E-17
4657.654852,2.095244E-17
4660.215015,1.48517e-17
4662.775179,1.5362e-17
4665.335343,2.084706E-17
4667.895507,1.489676E-17
4670.45567,1.471085E-17
4673.015834,1.794733E-17
4675.575998,1.369907E-17
4678.136162,9.038753E-18
4680.696325,8.423172E-18
4683.256489,1.257992E-17
4685.816653,1.691014E-17
4688.376817,1.289131E-17
4690.93698,1.491812E-17
4693.497144,1.746515E-17
4696.057308,1.114947E-17
4698.617471,5.410121E-18
4701.177635,5.59648e-18
4703.737799,3.973342E-18
4706.297963,5.511492E-18
4708.858126,6.91188e-18
4711.41829,1.016199E-17
4713.978454,7.813819E-18
4716.538618,8.417485E-18
4719.098781,1.593478E-18
4721.658945,7.936309E-18
4724.219109,1.786093E-17
4726.779273,1.857117E-17
4729.339436,1.369248E-17
4731.8996,1.798653E-17
4734.459764,1.474909E-17
4737.019928,6.90998e-18
4739.580091,1.210135E-17
4742.140255,1.10025e-17
4744.700419,1.19465e-17
4747.260582,1.078042E-17
4749.820746,4.025403E-18
4752.38091,8.097412E-18
4754.941074,1.204632E-17
4757.501237,1.071672E-17
4760.061401,1.008617E-17
4762.621565,1.211441E-17
4765.181729,7.418643E-18
4767.741892,9.68019e-18
4770.302056,1.054487E-17
4772.86222,9.073639E-18
4775.422384,1.942683E-17
4777.982547,1.377561E-17
4780.542711,8.897797E-18
4783.102875,5.486422E-18
4785.663038,4.384405E-18
4788.223202,5.879205E-18
4790.783366,1.220072E-17
4793.34353,1.872189E-17
4795.903693,1.644697E-17
4798.463857,1.478341E-17
4801.024021,8.353624E-18
4803.584185,-3.24214e-19
4806.144348,1.019831E-17
4808.704512,1.968309E-17
4811.264676,1.260124E-17
4813.82484,9.065871E-18
4816.385003,1.280133E-17
4818.945167,8.600762E-18
4821.505331,2.322492E-18
4824.065495,3.502738E-18
4826.625658,8.466711E-18
4829.185822,1.051502E-17
4831.745986,1.284774E-17
4834.306149,1.172315E-17
4836.866313,9.05041e-18
4839.426477,1.434951E-17
4841.986641,1.761481E-17
4844.546804,8.850799E-18
4847.106968,8.720038E-18
4849.667132,1.498598E-17
4852.227296,1.757138E-17
4854.787459,1.215417E-17
4857.347623,6.47805e-18
4859.907787,1.010311E-17
4862.467951,1.346166E-17
4865.028114,1.321072E-17
4867.588278,1.324041E-17
4870.148442,1.291189E-17
4872.708606,1.453531E-17
4875.268769,3.889266E-18
4877.828933,-3.512273E-19
4880.389097,7.877297E-18
4882.94926,1.560092E-17
4885.509424,1.411408E-17
4888.069588,9.273867E-18
4890.629752,1.055036E-17
4893.189915,1.597346E-17
4895.750079,1.807111E-17
4898.310243,1.741654E-17
4900.870407,1.008397E-17
4903.43057,7.983537E-18
4905.990734,4.984982E-18
4908.550898,1.04724e-17
4911.111062,1.527237E-17
4913.671225,1.236405E-17
4916.231389,1.83033e-17
4918.791553,1.625831E-17
4921.351717,1.090014E-17
4923.91188,1.236345E-17
4926.472044,1.459717E-17
4929.032208,1.49273e-17
4931.592371,1.463762E-17
4934.152535,1.301847E-17
4936.712699,1.326134E-17
4939.272863,1.35998e-17
4941.833026,6.410277E-18
4944.39319,9.303022E-18
4946.953354,1.333755E-17
4949.513518,9.637819E-18
4952.073681,9.663722E-18
4954.633845,1.866662E-17
4957.194009,1.068072E-17
4959.754173,6.67687e-18
4962.314336,1.594742E-17
4964.8745,1.296391E-17
4967.434664,9.673776E-18
4969.994828,1.323668E-17
4972.554991,7.756673E-18
4975.115155,1.138842E-17
4977.675319,1.079804E-17
4980.235482,5.09825e-18
4982.795646,1.079167E-17
4985.35581,1.301478E-17
4987.915974,9.426305E-18
4990.476137,1.389243E-17
4993.036301,1.023116E-17
4995.596465,1.422649E-17
4998.156629,1.934795E-17
5000.716792,1.834797E-17
5003.276956,1.64861e-17
5005.83712,1.701471E-17
5008.397284,1.270844E-17
5010.957447,1.048233E-17
5013.517611,7.684012E-18
5016.077775,7.508691E-18
5018.637938,1.439639E-17
5021.198102,1.591152E-17
5023.758266,1.214663E-17
5026.31843,9.554944E-18
5028.878593,6.265915E-18
5031.438757,1.256529E-17
5033.998921,1.477548E-17
5036.559085,1.214039E-17
5039.119248,1.542738E-17
5041.679412,9.380837E-18
5044.239576,1.042588E-17
5046.79974,1.40298e-17
5049.359903,1.822205E-17
5051.920067,2.115019E-17
5054.480231,1.582294E-17
5057.040395,1.410615E-17
5059.600558,9.426921E-18
5062.160722,5.489214E-18
5064.720886,1.215736E-17
5067.281049,2.132503E-17
5069.841213,2.144333E-17
5072.401377,7.734878E-18
5074.961541,5.632724E-18
5077.521704,8.552651E-18
5080.081868,6.973202E-18
5082.642032,1.486114E-17
5085.202196,9.723714E-18
5087.762359,4.471878E-18
5090.322523,1.081764E-17
5092.882687,9.60741e-18
5095.442851,7.402657E-18
5098.003014,9.655388E-18
5100.563178,1.007758E-17
5103.123342,1.291993E-17
5105.683506,2.008673E-17
5108.243669,1.980279E-17
5110.803833,1.490236E-17
5113.363997,1.432309E-17
5115.92416,9.969639E-18
5118.484324,1.122378E-17
5121.044488,7.870374E-18
5123.604652,6.05456e-19
5126.164815,1.513871E-18
5128.724979,7.481212E-18
5131.285143,1.589415E-17
5133.845307,1.460728E-17
5136.40547,1.238938E-17
5138.965634,1.316755E-17
5141.525798,1.038866E-17
5144.085962,9.341345E-18
5146.646125,1.613033E-17
5149.206289,1.7821e-17
5151.766453,2.366347E-17
5154.326617,2.49226e-17
5156.88678,1.646618E-17
5159.446944,8.400235E-18
5162.007108,6.599146E-18
5164.567271,1.361075E-17
5167.127435,1.436069E-17
5169.687599,7.013671E-18
5172.247763,6.762517E-18
5174.807926,1.062045E-17
5177.36809,1.370336E-17
5179.928254,1.626907E-17
5182.488418,1.046154E-17
5185.048581,1.191141E-17
5187.608745,1.461481E-17
5190.168909,1.089296E-17
5192.729073,8.74259e-18
5195.289236,8.325867E-18
5197.8494,1.116739E-17
5200.409564,1.553657E-17
5202.969728,1.300092E-17
5205.529891,8.270622E-18
5208.090055,9.338229E-18
5210.650219,1.044119E-17
5213.210382,1.502402E-17
5215.770546,1.347569E-17
5218.33071,1.081488E-17
5220.890874,1.76016e-17
5223.451037,1.586564E-17
5226.011201,9.435069E-18
5228.571365,7.131294E-18
5231.131529,9.068756E-18
5233.691692,7.723487E-18
5236.251856,9.55977e-18
5238.81202,1.011436E-17
5241.372184,1.436829E-17
5243.932347,7.220479E-18
5246.492511,8.70787e-18
5249.052675,1.359596E-17
5251.612839,6.285549E-18
5254.173002,7.896748E-18
5256.733166,1.255337E-17
5259.29333,8.702294E-18
5261.853493,1.467017E-17
5264.413657,1.886208E-17
5266.973821,1.100303E-17
5269.533985,1.069853E-17
5272.094148,1.205781E-17
5274.654312,4.943369E-18
5277.214476,3.376525E-18
5279.77464,9.561562E-18
5282.334803,8.825859E-18
5284.894967,5.09247e-18
5287.455131,6.031534E-18
5290.015295,8.66945e-18
5292.575458,5.460552E-18
5295.135622,3.774038E-18
5297.695786,5.498718E-18
5300.255949,8.683868E-18
5302.816113,8.050925E-18
5305.376277,8.742287E-18
5307.936441,1.415835E-17
5310.496604,1.404248E-17
5313.056768,1.129385E-17
5315.616932,7.30598e-18
5318.177096,9.012914E-18
5320.737259,1.023049E-17
5323.297423,6.136938E-18
5325.857587,8.250825E-18
5328.417751,1.72522e-17
5330.977914,1.812345E-17
5333.538078,1.249381E-17
5336.098242,8.923722E-18
5338.658406,7.242386E-18
5341.218569,1.146136E-17
5343.778733,1.056918E-17
5346.338897,1.027883E-17
5348.89906,1.135437E-17
5351.459224,7.385143E-18
5354.019388,9.325973E-19
5356.579552,4.681021E-18
5359.139715,7.046138E-18
5361.699879,5.545975E-18
5364.260043,1.205216E-17
5366.820207,1.75266e-17
5369.38037,1.568158E-17
5371.940534,1.592837E-17
5374.500698,1.846363E-17
5377.060862,1.226337E-17
5379.621025,1.008468E-17
5382.181189,1.339016E-17
5384.741353,1.307509E-17
5387.301517,1.024866E-17
5389.86168,1.191836E-17
5392.421844,9.691511E-18
5394.982008,1.007208E-17
5397.542171,9.629114E-18
5400.102335,7.547255E-18
5402.662499,1.097777E-17
5405.222663,8.315322E-18
5407.782826,4.686154E-18
5410.34299,1.161842E-17
5412.903154,8.550742E-18
5415.463318,7.330941E-18
5418.023481,5.97243e-18
5420.583645,1.314025E-18
5423.143809,8.287767E-18
5425.703973,9.273739E-18
5428.264136,5.539911E-18
5430.8243,5.174214E-18
5433.384464,1.133632E-17
5435.944628,1.180247E-17
5438.504791,1.60701e-17
5441.064955,1.326873E-17
5443.625119,6.800836E-18
5446.185282,7.956061E-18
5448.745446,1.238798E-17
5451.30561,1.449554E-17
5453.865774,1.246336E-17
5456.425937,8.347921E-18
5458.986101,1.057774E-18
5461.546265,4.700702E-18
5464.106429,8.812733E-18
5466.666592,1.042083E-17
5469.226756,1.00113e-17
5471.78692,6.640235E-18
5474.347084,5.278535E-18
5476.907247,1.31732e-17
5479.467411,1.527286E-17
5482.027575,1.340494E-17
5484.587739,1.147225E-17
5487.147902,1.073986E-17
5489.708066,1.202427E-17
5492.26823,1.353981E-17
5494.828393,8.879618E-18
5497.388557,1.213011E-17
5499.948721,1.565715E-17
5502.508885,7.467866E-18
5505.069048,6.196794E-18
5507.629212,1.367457E-17
5510.189376,1.906476E-17
5512.74954,1.219892E-17
5515.309703,5.630463E-18
5517.869867,8.537301E-18
5520.430031,9.985465E-18
5522.990195,1.011504E-17
5525.550358,7.958045E-18
5528.110522,9.344786E-18
5530.670686,6.324648E-18
5533.23085,7.181317E-18
5535.791013,9.926803E-18
5538.351177,1.303215E-17
5540.911341,1.342156E-17
5543.471504,1.339155E-17
5546.031668,8.173729E-18
5548.591832,6.94126e-18
5551.151996,9.218322E-18
5553.712159,9.110548E-18
5556.272323,1.090783E-17
5558.832487,1.051897E-17
5561.392651,6.788056E-18
5563.952814,6.955719E-18
5566.512978,8.718697E-18
5569.073142,1.10559e-17
5571.633306,1.075351E-17
5574.193469,1.30091e-17
5576.753633,1.565688E-17
5579.313797,1.007116E-17
5581.87396,9.605367E-18
5584.434124,6.880378E-18
5586.994288,7.62747e-18
5589.554452,1.391656E-17
5592.114615,7.719261E-18
5594.674779,8.357081E-18
5597.234943,7.556583E-18
5599.795107,9.851504E-18
5602.35527,1.383572E-17
5604.915434,8.646408E-18
5607.475598,6.271288E-18
5610.035762,6.7789e-18
5612.595925,1.261923E-17
5615.156089,1.487461E-17
5617.716253,1.137034E-17
5620.276417,1.054296E-17
5622.83658,1.233277E-17
5625.396744,8.543111E-18
5627.956908,8.087427E-18
5630.517071,1.224628E-17
5633.077235,1.812984E-17
5635.637399,7.257858E-18
5638.197563,5.853666E-18
5640.757726,6.176501E-18
5643.31789,1.034334E-17
5645.878054,6.738423E-18
5648.438218,7.656777E-18
5650.998381,9.392049E-18
5653.558545,8.416933E-18
5656.118709,8.58652e-18
5658.678873,6.479597E-18
5661.239036,4.609993E-18
5663.7992,2.634155E-18
5666.359364,4.799433E-18
5668.919528,8.011884E-18
5671.479691,8.80513e-18
5674.039855,2.411951E-18
5676.600019,5.414878E-18
5679.160182,5.863473E-18
5681.720346,5.899581E-18
5684.28051,9.923478E-18
5686.840674,5.90642e-18
5689.400837,7.427475E-18
5691.961001,1.406842E-17
5694.521165,1.221902E-17
5697.081329,1.053491E-17
5699.641492,6.872165E-18
5702.201656,8.658195E-18
5704.76182,7.308789E-18
5707.321984,8.631394E-18
5709.882147,1.33496e-17
5712.442311,7.864567E-18
5715.002475,8.41676e-18
5717.562639,1.207725E-17
5720.122802,9.080822E-18
5722.682966,9.652771E-19
5725.24313,7.695178E-18
5727.803293,7.166314E-18
5730.363457,3.612524E-18
5732.923621,6.625392E-18
5735.483785,7.213954E-18
5738.043948,6.196685E-18
5740.604112,7.1635e-18
5743.164276,5.567475E-18
5745.72444,2.70334e-18
5748.284603,8.536309E-18
5750.844767,7.34692e-18
5753.404931,7.269544E-18
5755.965095,9.948615E-18
5758.525258,9.184735E-18
5761.085422,8.656882E-18
5763.645586,5.558969E-18
5766.20575,6.213989E-18
5768.765913,6.147803E-18
5771.326077,4.471457E-18
5773.886241,4.193262E-18
5776.446404,7.08198e-18
5779.006568,7.788536E-18
5781.566732,7.24757e-18
5784.126896,7.549806E-18
5786.687059,4.689251E-18
5789.247223,5.724297E-18
5791.807387,9.182892E-18
5794.367551,5.245063E-18
5796.927714,6.413458E-18
5799.487878,6.503459E-18
5802.048042,7.508156E-18
5804.608206,5.736393E-18
5807.168369,7.944722E-18
5809.728533,8.839781E-18
5812.288697,8.873717E-18
5814.848861,1.094294E-17
5817.409024,1.155009E-17
5819.969188,9.263912E-18
5822.529352,7.61245e-18
5825.089515,1.017354E-17
5827.649679,1.09307e-17
5830.209843,5.603141E-18
5832.770007,1.012769E-17
5835.33017,8.572262E-18
5837.890334,1.015373E-17
5840.450498,1.050846E-17
5843.010662,5.630924E-18
5845.570825,1.025834E-17
5848.130989,1.396034E-17
5850.691153,1.343009E-17
5853.251317,8.51258e-18
5855.81148,5.177591E-18
5858.371644,6.269488E-18
5860.931808,1.0274e-17
5863.491971,7.24766e-18
5866.052135,5.647849E-18
5868.612299,6.557879E-18
5871.172463,4.860604E-18
5873.732626,4.894555E-18
5876.29279,5.697583E-18
5878.852954,8.884579E-18
5881.413118,1.500305E-17
5883.973281,1.26842e-17
5886.533445,1.302693E-17
5889.093609,9.905606E-18
5891.653773,8.035085E-18
5894.213936,1.128696E-17
5896.7741,1.718901E-17
5899.334264,1.388838E-17
5901.894428,5.929583E-18
5904.454591,5.855399E-18
5907.014755,1.360087E-17
5909.574919,1.347949E-17
5912.135082,3.219242E-18
5914.695246,8.666258E-18
5917.25541,1.413782E-17
5919.815574,1.598217E-17
5922.375737,1.267397E-17
5924.935901,1.231774E-17
5927.496065,1.283667E-17
5930.056229,9.671529E-18
5932.616392,7.848617E-18
5935.176556,7.679015E-18
5937.73672,7.557748E-18
5940.296884,7.676454E-18
5942.857047,1.240849E-17
5945.417211,1.250984E-17
5947.977375,1.381119E-17
5950.537539,1.624695E-17
5953.097702,1.521849E-17
5955.657866,1.391487E-17
5958.21803,1.34412e-17
5960.778193,7.827125E-18
5963.338357,4.475036E-18
5965.898521,1.061304E-17
5968.458685,6.042107E-18
5971.018848,1.667352E-17
5973.579012,1.744099E-17
5976.139176,9.633656E-18
5978.69934,9.683468E-18
5981.259503,1.1095e-17
5983.819667,1.251982E-17
5986.379831,9.689794E-18
5988.939995,9.552565E-18
5991.500158,1.01448e-17
5994.060322,1.074916E-17
5996.620486,1.258637E-17
5999.18065,1.188714E-17
6001.740813,1.475349E-17
6004.300977,9.961306E-18
6006.861141,3.955624E-18
6009.421304,1.145494E-17
6011.981468,1.338148E-17
6014.541632,9.264736E-18
6017.101796,8.697492E-18
6019.661959,7.143677E-18
6022.222123,7.032327E-18
6024.782287,6.357591E-18
6027.342451,1.020839E-17
6029.902614,7.469373E-18
6032.462778,1.018631E-17
6035.022942,1.018975E-17
6037.583106,1.053751E-17
6040.143269,5.663239E-18
6042.703433,1.168296E-17
6045.263597,1.232762E-17
6047.823761,8.749026E-18
6050.383924,1.311824E-17
6052.944088,8.955395E-18
6055.504252,8.614878E-18
6058.064415,1.161188E-17
6060.624579,9.22585e-18
6063.184743,9.795726E-18
6065.744907,4.020908E-18
6068.30507,6.620435E-18
6070.865234,9.859967E-18
6073.425398,4.175361E-18
6075.985562,5.370538E-18
6078.545725,1.056874E-17
6081.105889,1.403495E-17
6083.666053,7.148355E-18
6086.226217,5.830468E-18
6088.78638,1.072101E-17
6091.346544,1.29947e-17
6093.906708,9.702676E-18
6096.466872,7.85525e-18
6099.027035,1.200987E-17
6101.587199,1.073904E-17
6104.147363,8.624992E-18
6106.707526,1.243011E-17
6109.26769,9.96181e-18
6111.827854,6.674298E-18
6114.388018,3.032976E-18
6116.948181,6.93977e-18
6119.508345,1.189316E-17
6122.068509,1.153805E-17
6124.628673,1.147854E-17
6127.188836,1.159643E-17
6129.749,9.316369E-18
6132.309164,5.78596e-18
6134.869328,6.419647E-18
6137.429491,8.673029E-18
6139.989655,1.0716e-17
6142.549819,9.543193E-18
6145.109982,7.236103E-18
6147.670146,8.762487E-18
6150.23031,5.177106E-18
6152.790474,3.469787E-18
6155.350637,9.688661E-18
6157.910801,6.823074E-18
6160.470965,7.413587E-18
6163.031129,1.150806E-17
6165.591292,1.052978E-17
6168.151456,8.950119E-18
6170.71162,7.347803E-18
6173.271784,9.153316E-18
6175.831947,6.818044E-18
6178.392111,7.425665E-18
6180.952275,1.341685E-17
6183.512439,1.322041E-17
6186.072602,9.244778E-18
6188.632766,1.016883E-17
6191.19293,9.86164e-18
6193.753093,4.514809E-18
6196.313257,5.894262E-18
6198.873421,8.620862E-18
6201.433585,7.311204E-18
6203.993748,6.646351E-18
6206.553912,7.843206E-18
6209.114076,1.762826E-18
6211.67424,6.780075E-19
6214.234403,4.967266E-18
6216.794567,8.694667E-18
6219.354731,6.769114E-18
6221.914895,5.017242E-18
6224.475058,4.087126E-18
6227.035222,6.894921E-18
6229.595386,1.208038E-17
6232.15555,9.905747E-18
6234.715713,7.385008E-18
6237.275877,7.218737E-18
6239.836041,7.41986e-18
6242.396204,4.973449E-18
6244.956368,1.66872e-18
6247.516532,9.607495E-19
6250.076696,1.640317E-18
6252.636859,6.685275E-18
6255.197023,6.140981E-18
6257.757187,7.873122E-18
6260.317351,1.004758E-17
6262.877514,9.160585E-18
6265.437678,9.430364E-18
6267.997842,8.266817E-18
6270.558006,1.138228E-17
6273.118169,1.212632E-17
6275.678333,1.25396e-17
6278.238497,1.20661e-17
6280.798661,8.172359E-18
6283.358824,7.998636E-18
6285.918988,1.040206E-17
6288.479152,1.087913E-17
6291.039315,1.108669E-17
6293.599479,1.423531E-17
6296.159643,1.678644E-17
6298.719807,1.676329E-17
6301.27997,1.8445e-17
6303.840134,2.402436E-17
6306.400298,2.785123E-17
6308.960462,2.813795E-17
6311.520625,2.597604E-17
6314.080789,2.525333E-17
6316.640953,2.462206E-17
6319.201117,2.869111E-17
6321.76128,3.093874E-17
6324.321444,2.943204E-17
6326.881608,2.494879E-17
6329.441772,2.507207E-17
6332.001935,2.110515E-17
6334.562099,2.340369E-17
6337.122263,2.919398E-17
6339.682426,2.755256E-17
6342.24259,2.890773E-17
6344.802754,3.21179e-17
6347.362918,2.909876E-17
6349.923081,2.633914E-17
6352.483245,2.553552E-17
6355.043409,2.384708E-17
6357.603573,2.528887E-17
6360.163736,2.124475E-17
6362.7239,1.922791E-17
6365.284064,2.21382e-17
6367.844228,2.205951E-17
6370.404391,2.241704E-17
6372.964555,2.753148E-17
6375.524719,2.438476E-17
6378.084882,1.970357E-17
6380.645046,2.094893E-17
6383.20521,2.371492E-17
6385.765374,2.901793E-17
6388.325537,2.635324E-17
6390.885701,2.446086E-17
6393.445865,1.893369E-17
6396.006029,1.942694E-17
6398.566192,1.926881E-17
6401.126356,1.967454E-17
6403.68652,2.518766E-17
6406.246684,2.697088E-17
6408.806847,1.870215E-17
6411.367011,1.700806E-17
6413.927175,1.643432E-17
6416.487339,1.092033E-17
6419.047502,8.860889E-18
6421.607666,1.343146E-17
6424.16783,1.437767E-17
6426.727993,1.683882E-17
6429.288157,1.290556E-17
6431.848321,1.31878e-17
6434.408485,1.12513e-17
6436.968648,1.046307E-17
6439.528812,1.358246E-17
6442.088976,9.82977e-18
6444.64914,9.240068E-18
6447.209303,1.329779E-17
6449.769467,1.2724e-17
6452.329631,1.606773E-17
6454.889795,1.176622E-17
6457.449958,8.770509E-18
6460.010122,1.33003e-17
6462.570286,1.448184E-17
6465.13045,1.065077E-17
6467.690613,7.913679E-18
6470.250777,1.371672E-17
6472.810941,1.381002E-17
6475.371104,1.324487E-17
6477.931268,1.732078E-17
6480.491432,1.244007E-17
6483.051596,1.645181E-17
6485.611759,1.15304e-17
6488.171923,3.509588E-18
6490.732087,8.116252E-18
6493.292251,1.057194E-17
6495.852414,1.39412e-17
6498.412578,1.221452E-17
6500.972742,9.503785E-18
6503.532906,9.230106E-18
6506.093069,9.603161E-18
6508.653233,1.217256E-17
6511.213397,9.130988E-18
6513.773561,1.022236E-17
6516.333724,1.318316E-17
6518.893888,1.109636E-17
6521.454052,1.053153E-17
6524.014215,1.097992E-17
6526.574379,9.857968E-18
6529.134543,9.193347E-18
6531.694707,1.080411E-17
6534.25487,1.121867E-17
6536.815034,1.450108E-17
6539.375198,1.494785E-17
6541.935362,1.559898E-17
6544.495525,1.385885E-17
6547.055689,9.962633E-18
6549.615853,9.894986E-18
6552.176017,1.306197E-17
6554.73618,1.458587E-17
6557.296344,1.594025E-17
6559.856508,1.441275E-17
6562.416672,4.879215E-18
6564.976835,6.067104E-18
6567.536999,1.252904E-17
6570.097163,9.242922E-18
6572.657326,6.741414E-18
6575.21749,1.181848E-17
6577.777654,1.008e-17
6580.337818,1.100733E-17
6582.897981,1.259294E-17
6585.458145,1.227901E-17
6588.018309,1.395759E-17
6590.578473,1.33756e-17
6593.138636,1.424552E-17
6595.6988,1.345054E-17
6598.258964,1.002657E-17
6600.819128,6.014716E-18
6603.379291,8.655998E-18
6605.939455,8.39743e-18
6608.499619,9.021873E-18
6611.059783,2.125635E-17
6613.619946,3.887999E-17
6616.18011,4.460292E-17
6618.740274,4.210439E-17
6621.300437,3.407778E-17
6623.860601,2.217964E-17
6626.420765,1.195616E-17
6628.980929,1.09229e-17
6631.541092,1.084897E-17
6634.101256,1.655696E-17
6636.66142,2.600047E-17
6639.221584,2.605074E-17
6641.781747,1.827947E-17
6644.341911,1.352051E-17
6646.902075,6.697157E-18
6649.462239,8.667537E-18
6652.022402,9.195082E-18
6654.582566,8.041041E-18
6657.14273,4.607279E-18
6659.702893,3.123207E-18
6662.263057,9.711954E-18
6664.823221,1.163976E-17
6667.383385,1.208716E-17
6669.943548,1.480897E-17
6672.503712,1.409543E-17
6675.063876,1.033611E-17
6677.62404,9.519307E-18
6680.184203,1.092104E-17
6682.744367,1.135937E-17
6685.304531,1.349168E-17
6687.864695,1.108909E-17
6690.424858,7.42841e-18
6692.985022,1.103083E-17
6695.545186,1.487493E-17
6698.10535,1.304299E-17
6700.665513,4.007047E-18
6703.225677,3.26996e-18
6705.785841,7.151641E-18
6708.346004,7.742124E-18
6710.906168,1.334004E-17
6713.466332,1.258193E-17
6716.026496,1.1721e-17
6718.586659,1.166947E-17
6721.146823,8.523305E-18
6723.706987,7.224401E-18
6726.267151,8.792691E-18
6728.827314,8.098997E-18
6731.387478,1.12126e-17
6733.947642,1.036628E-17
6736.507806,7.764954E-18
6739.067969,8.091009E-18
6741.628133,1.285582E-17
6744.188297,1.315615E-17
6746.748461,7.584563E-18
6749.308624,6.682291E-18
6751.868788,7.2781e-18
6754.428952,9.412551E-18
6756.989115,1.119739E-17
6759.549279,8.307764E-18
6762.109443,4.646908E-18
6764.669607,7.588279E-18
6767.22977,1.209433E-17
6769.789934,1.827416E-17
6772.350098,1.142488E-17
6774.910262,1.108809E-17
6777.470425,1.517545E-17
6780.030589,9.575731E-18
6782.590753,1.254152E-17
6785.150917,1.43657e-17
6787.71108,1.430237E-17
6790.271244,1.084204E-17
6792.831408,9.608056E-18
6795.391572,8.258503E-18
6797.951735,1.091474E-17
6800.511899,1.008994E-17
6803.072063,1.013996E-17
6805.632226,1.048274E-17
6808.19239,1.387144E-17
6810.752554,1.150714E-17
6813.312718,5.05816e-18
6815.872881,2.044493E-18
6818.433045,4.366527E-18
6820.993209,8.401268E-18
6823.553373,8.818402E-18
6826.113536,1.077826E-17
6828.6737,1.185971E-17
6831.233864,8.473289E-18
6833.794028,8.078821E-18
6836.354191,5.824705E-18
6838.914355,9.185118E-18
6841.474519,1.096465E-17
6844.034683,1.039272E-17
6846.594846,1.192186E-17
6849.15501,1.171994E-17
6851.715174,8.012857E-18
6854.275337,8.10261e-18
6856.835501,6.897217E-18
6859.395665,4.597149E-18
6861.955829,5.943291E-18
6864.515992,7.49388e-18
6867.076156,4.562696E-18
6869.63632,2.3907e-18
6872.196484,5.006023E-18
6874.756647,8.119517E-18
6877.316811,3.921315E-18
6879.876975,4.287204E-18
6882.437139,9.869136E-18
6884.997302,5.673425E-18
6887.557466,7.397642E-18
6890.11763,4.329888E-18
6892.677794,1.282333E-18
6895.237957,3.494156E-18
6897.798121,6.692811E-18
6900.358285,6.843032E-18
6902.918448,4.554458E-18
6905.478612,3.924551E-18
6908.038776,6.234571E-18
6910.59894,8.426864E-18
6913.159103,4.154288E-18
6915.719267,5.134796E-18
6918.279431,1.911607E-18
6920.839595,5.811694E-18
6923.399758,9.344677E-18
6925.959922,4.708972E-18
6928.520086,6.645115E-18
6931.08025,1.013528E-17
6933.640413,6.086172E-18
6936.200577,1.076597E-17
6938.760741,1.201228E-17
6941.320904,8.508255E-18
6943.881068,8.349405E-18
6946.441232,1.144157E-17
6949.001396,1.233212E-17
6951.561559,7.646715E-18
6954.121723,7.417549E-18
6956.681887,6.290539E-18
6959.242051,8.162019E-18
6961.802214,9.044735E-18
6964.362378,8.135885E-18
6966.922542,1.116781E-17
6969.482706,6.118545E-18
6972.042869,3.806285E-18
6974.603033,7.999318E-18
6977.163197,9.481935E-18
6979.723361,6.228131E-18
6982.283524,6.511205E-18
6984.843688,5.843024E-18
6987.403852,7.169036E-18
6989.964015,1.064909E-17
6992.524179,1.118578E-17
6995.084343,7.099261E-18
6997.644507,6.455077E-18
7000.20467,5.508836E-18
7002.764834,5.615232E-18
7005.324998,5.070621E-18
7007.885162,3.931912E-18
7010.445325,6.489907E-18
7013.005489,2.8275e-18
7015.565653,8.389102E-18
7018.125817,1.432699E-17
7020.68598,9.293554E-18
7023.246144,6.333023E-18
7025.806308,9.103889E-18
7028.366472,7.975642E-18
7030.926635,7.801815E-18
7033.486799,8.907876E-18
7036.046963,8.849562E-18
7038.607126,6.853037E-18
7041.16729,6.057322E-18
7043.727454,7.491924E-18
7046.287618,1.254376E-17
7048.847781,1.089414E-17
7051.407945,9.645029E-18
7053.968109,1.052149E-17
7056.528273,1.1929e-17
7059.088436,4.969272E-18
7061.6486,4.79934e-18
7064.208764,4.789594E-18
7066.768928,5.449301E-18
7069.329091,5.899591E-18
7071.889255,6.961363E-18
7074.449419,6.756248E-18
7077.009583,8.037299E-18
7079.569746,6.738486E-18
7082.12991,6.727891E-18
7084.690074,6.777092E-18
7087.250237,4.241762E-18
7089.810401,5.713557E-18
7092.370565,8.498038E-18
7094.930729,5.45587e-18
7097.490892,6.477267E-18
7100.051056,2.258331E-18
7102.61122,7.462963E-18
7105.171384,1.049082E-17
7107.731547,5.989029E-18
7110.291711,8.370903E-18
7112.851875,8.19289e-18
7115.412039,6.745653E-18
7117.972202,9.67889e-18
7120.532366,7.653983E-18
7123.09253,7.332981E-18
7125.652694,6.403223E-18
7128.212857,5.324273E-18
7130.773021,4.819076E-18
7133.333185,6.898028E-18
7135.893348,9.331156E-18
7138.453512,9.768757E-18
7141.013676,7.454249E-18
7143.57384,9.793223E-18
7146.134003,9.084854E-18
7148.694167,8.135268E-18
7151.254331,9.156533E-18
7153.814495,1.344313E-17
7156.374658,1.082672E-17
7158.934822,8.192975E-18
7161.494986,9.539761E-18
7164.05515,1.3001e-17
7166.615313,8.945223E-18
7169.175477,6.363589E-18
7171.735641,1.019243E-17
7174.295805,8.081761E-18
7176.855968,8.265759E-18
7179.416132,9.829999E-18
7181.976296,9.083868E-18
7184.536459,6.621756E-18
7187.096623,6.887497E-18
7189.656787,8.589629E-18
7192.216951,6.407597E-18
7194.777114,6.609008E-18
7197.337278,7.406507E-18
7199.897442,7.536653E-18
7202.457606,7.189567E-18
7205.017769,7.661371E-18
7207.577933,5.834214E-18
7210.138097,6.197831E-18
7212.698261,1.175693E-17
7215.258424,6.798701E-18
7217.818588,8.550452E-18
7220.378752,7.883722E-18
7222.938915,5.400738E-18
7225.499079,5.2218e-18
7228.059243,5.554364E-18
7230.619407,4.888176E-18
7233.17957,7.619304E-18
7235.739734,1.046411E-17
7238.299898,6.879816E-18
7240.860062,7.650362E-18
7243.420225,8.023298E-18
7245.980389,5.348236E-18
7248.540553,9.331457E-18
7251.100717,1.161987E-17
7253.66088,1.162563E-17
7256.221044,9.899753E-18
7258.781208,8.906703E-18
7261.341372,1.24155e-17
7263.901535,1.233334E-17
7266.461699,8.103625E-18
7269.021863,9.335738E-18
7271.582026,1.29491e-17
7274.14219,1.031467E-17
7276.702354,1.43804e-17
7279.262518,1.498283E-17
7281.822681,1.411531E-17
7284.382845,1.591333E-17
7286.943009,1.845355E-17
7289.503173,1.683172E-17
7292.063336,1.34143e-17
7294.6235,1.256206E-17
7297.183664,1.625946E-17
7299.743828,1.603092E-17
7302.303991,1.879942E-17
7304.864155,2.036354E-17
7307.424319,1.425905E-17
7309.984483,1.651961E-17
7312.544646,2.121665E-17
7315.10481,1.778935E-17
7317.664974,1.808036E-17
7320.225137,2.154213E-17
7322.785301,1.734062E-17
7325.345465,1.884142E-17
7327.905629,2.503375E-17
7330.465792,2.079914E-17
7333.025956,2.07943e-17
7335.58612,2.639015E-17
7338.146284,2.247205E-17
7340.706447,2.169275E-17
7343.266611,2.352586E-17
7345.826775,2.547557E-17
7348.386939,2.697492E-17
7350.947102,2.723512E-17
7353.507266,2.896431E-17
7356.06743,2.970965E-17
7358.627594,2.87468e-17
7361.187757,2.38565e-17
7363.747921,2.684478E-17
7366.308085,3.103077E-17
7368.868248,3.015526E-17
7371.428412,2.92838e-17
7373.988576,3.234747E-17
7376.54874,3.254804E-17
7379.108903,2.812842E-17
7381.669067,2.804071E-17
7384.229231,2.750768E-17
7386.789395,2.953682E-17
7389.349558,3.329976E-17
7391.909722,3.369132E-17
7394.469886,2.862522E-17
7397.03005,3.008575E-17
7399.590213,2.957394E-17
7402.150377,2.830612E-17
7404.710541,2.629754E-17
7407.270705,3.18904e-17
7409.830868,2.974851E-17
7412.391032,2.391951E-17
7414.951196,2.390244E-17
7417.511359,2.403883E-17
7420.071523,2.311234E-17
7422.631687,2.103429E-17
7425.191851,1.937076E-17
7427.752014,2.02634e-17
7430.312178,2.029498E-17
7432.872342,1.934426E-17
7435.432506,1.68046e-17
7437.992669,1.888104E-17
7440.552833,1.856215E-17
7443.112997,1.54376e-17
7445.673161,1.31017e-17
7448.233324,1.52097e-17
7450.793488,1.383063E-17
7453.353652,1.380486E-17
7455.913815,1.533738E-17
7458.473979,1.66458e-17
7461.034143,1.505865E-17
7463.594307,1.344141E-17
7466.15447,1.41305e-17
7468.714634,1.28653e-17
7471.274798,1.190872E-17
7473.834962,1.1568e-17
7476.395125,1.241301E-17
7478.955289,1.015674E-17
7481.515453,9.92307e-18
7484.075617,5.011516E-18
7486.63578,6.690758E-18
7489.195944,8.977366E-18
7491.756108,1.158221E-17
7494.316272,1.279409E-17
7496.876435,8.219151E-18
7499.436599,8.601127E-18
7501.996763,1.275202E-17
7504.556926,1.644329E-17
7507.11709,1.320018E-17
7509.677254,9.420116E-18
7512.237418,9.408174E-18
7514.797581,1.075103E-17
7517.357745,6.411372E-18
7519.917909,6.658062E-18
7522.478073,5.808798E-18
7525.038236,7.077355E-18
7527.5984,6.597134E-18
7530.158564,7.344301E-18
7532.718728,5.590771E-18
7535.278891,5.388868E-18
7537.839055,5.049881E-18
7540.399219,1.606209E-18
7542.959383,7.531856E-18
7545.519546,1.006602E-17
7548.07971,4.587601E-18
7550.639874,3.848746E-18
7553.200037,7.515823E-18
7555.760201,7.856561E-18
7558.320365,6.693863E-18
7560.880529,5.136873E-18
7563.440692,6.232901E-18
7566.000856,6.491119E-18
7568.56102,7.899166E-18
7571.121184,1.105176E-17
7573.681347,1.113127E-17
7576.241511,1.013025E-17
7578.801675,1.062511E-17
7581.361839,8.050281E-18
7583.922002,5.011553E-18
7586.482166,5.343201E-18
7589.04233,5.882316E-18
7591.602494,6.554544E-18
7594.162657,7.581498E-18
7596.722821,7.390257E-18
7599.282985,6.455949E-18
7601.843148,4.181463E-18
7604.403312,3.76346e-18
7606.963476,3.883347E-18
7609.52364,6.683268E-18
7612.083803,6.659897E-18
7614.643967,2.964814E-18
7617.204131,-2.067115E-19
7619.764295,1.454386E-18
7622.324458,1.247958E-18
7624.884622,1.004064E-18
7627.444786,2.46075e-18
7630.00495,4.230473E-18
7632.565113,6.360233E-18
7635.125277,4.191289E-18
7637.685441,4.016777E-18
7640.245605,1.172041E-19
7642.805768,1.872035E-19
7645.365932,2.440909E-18
7647.926096,3.442018E-18
7650.486259,4.812206E-18
7653.046423,5.364896E-18
7655.606587,5.178334E-18
7658.166751,4.856062E-18
7660.726914,4.095207E-18
7663.287078,3.273348E-18
7665.847242,2.873347E-18
7668.407406,3.207329E-18
7670.967569,4.573349E-18
7673.527733,6.919897E-18
7676.087897,4.750681E-18
7678.648061,6.374697E-18
7681.208224,7.79518e-18
7683.768388,5.257304E-18
7686.328552,6.190959E-18
7688.888716,6.82177e-18
7691.448879,5.127432E-18
7694.009043,3.872852E-18
7696.569207,3.209133E-18
7699.12937,-5.847625E-20
7701.689534,4.044888E-18
7704.249698,4.478838E-18
7706.809862,3.777858E-18
7709.370025,4.844049E-18
7711.930189,5.313345E-18
7714.490353,7.471146E-18
7717.050517,8.356815E-18
7719.61068,8.391672E-18
7722.170844,5.975163E-18
7724.731008,5.413435E-18
7727.291172,5.811525E-18
7729.851335,5.974955E-18
7732.411499,4.978935E-18
7734.971663,3.087209E-18
7737.531826,3.704185E-20
7740.09199,9.96464e-19
7742.652154,5.735866E-18
7745.212318,9.54037e-18
7747.772481,1.038334E-17
7750.332645,1.111013E-17
7752.892809,9.069568E-18
7755.452973,1.108644E-17
7758.013136,7.678275E-18
7760.5733,3.974683E-18
7763.133464,4.579231E-18
7765.693628,1.075831E-18
7768.253791,1.370717E-18
7770.813955,4.691957E-18
7773.374119,3.47637e-18
7775.934283,2.47734e-18
7778.494446,4.669133E-18
7781.05461,7.999949E-18
7783.614774,9.414175E-18
7786.174937,8.827772E-18
7788.735101,5.544052E-18
7791.295265,4.524966E-18
7793.855429,8.705365E-18
7796.415592,3.875523E-18
7798.975756,3.186734E-18
7801.53592,5.477244E-18
7804.096084,4.965429E-18
7806.656247,1.060907E-17
7809.216411,1.137818E-17
7811.776575,8.941396E-18
7814.336739,8.132454E-18
7816.896902,6.126504E-18
7819.457066,6.090144E-18
7822.01723,3.229118E-18
7824.577394,5.467041E-18
7827.137557,5.630651E-18
7829.697721,3.171341E-18
7832.257885,1.163258E-18
7834.818048,2.459929E-18
7837.378212,4.099096E-18
7839.938376,3.507688E-18
7842.49854,2.854664E-18
7845.058703,6.850421E-18
7847.618867,5.872157E-18
7850.179031,8.513693E-18
7852.739195,1.227053E-17
7855.299358,8.914155E-18
7857.859522,7.259488E-18
7860.419686,6.599608E-18
7862.97985,5.866004E-18
7865.540013,2.701924E-18
7868.100177,-4.961234E-19
7870.660341,1.887343E-18
7873.220505,1.062456E-18
7875.780668,1.92097e-18
7878.340832,3.660981E-18
7880.900996,7.105518E-18
7883.461159,9.213e-18
7886.021323,6.35062e-18
7888.581487,1.104124E-17
7891.141651,1.805458E-17
7893.701814,1.051168E-17
7896.261978,4.408985E-18
7898.822142,2.877841E-19
7901.382306,8.424415E-19
7903.942469,5.604492E-19
7906.502633,3.885023E-18
7909.062797,1.121254E-19
7911.622961,1.259727E-18
7914.183124,2.581259E-18
7916.743288,6.520561E-18
7919.303452,9.782186E-18
7921.863616,9.950657E-18
7924.423779,5.999576E-18
7926.983943,1.146179E-17
7929.544107,1.022641E-17
7932.10427,6.57145e-18
7934.664434,5.251625E-18
7937.224598,7.389762E-18
7939.784762,5.263381E-18
7942.344925,4.442418E-18
7944.905089,2.555837E-18
7947.465253,4.109438E-18
7950.025417,4.987685E-18
7952.58558,4.899885E-18
7955.145744,4.627374E-18
7957.705908,5.937068E-18
7960.266072,5.558488E-18
7962.826235,5.530507E-18
7965.386399,4.657511E-18
7967.946563,6.122551E-18
7970.506727,4.340991E-18
7973.06689,5.563961E-18
7975.627054,4.008626E-18
7978.187218,2.623969E-18
7980.747381,4.525022E-18
7983.307545,4.252351E-18
7985.867709,4.049041E-18
7988.427873,2.965474E-18
7990.988036,5.214104E-18
7993.5482,9.463353E-18
7996.108364,8.88011e-18
7998.668528,1.079795E-17
8001.228691,9.874708E-18
8003.788855,5.331096E-18
8006.349019,5.093894E-18
8008.909183,4.887183E-18
8011.469346,7.656871E-18
8014.02951,3.139242E-18
8016.589674,5.78427e-19
8019.149837,3.496581E-18
8021.710001,1.060815E-18
8024.270165,8.568105E-19
8026.830329,5.155298E-18
8029.390492,5.925843E-18
8031.950656,7.101847E-18
8034.51082,5.739274E-18
8037.070984,8.394075E-18
8039.631147,7.158121E-18
8042.191311,6.083098E-18
8044.751475,4.711615E-18
8047.311639,3.55285e-18
8049.871802,4.942901E-18
8052.431966,4.432417E-18
8054.99213,8.935291E-18
8057.552294,9.557638E-18
8060.112457,7.032286E-18
8062.672621,8.512697E-18
8065.232785,7.805073E-18
8067.792948,9.788022E-18
8070.353112,8.765021E-18
8072.913276,1.003527E-17
8075.47344,8.335789E-18
8078.033603,6.102142E-18
8080.593767,5.980558E-18
8083.153931,5.937401E-18
8085.714095,4.169013E-18
8088.274258,3.607518E-18
8090.834422,2.486764E-18
8093.394586,1.771601E-18
8095.95475,1.184627E-18
8098.514913,8.27747e-19
8101.075077,3.000256E-18
8103.635241,3.788603E-18
8106.195405,1.135315E-18
8108.755568,5.389483E-18
8111.315732,5.2444e-18
8113.875896,2.535958E-18
8116.436059,5.389133E-18
8118.996223,5.300216E-18
8121.556387,3.69288e-18
8124.116551,4.469615E-18
8126.676714,4.75214e-18
8129.236878,1.812579E-18
8131.797042,3.604552E-18
8134.357206,5.640653E-18
8136.917369,5.287207E-18
8139.477533,1.811155E-18
8142.037697,3.396116E-18
8144.597861,6.728389E-18
8147.158024,6.108968E-18
8149.718188,4.317443E-18
8152.278352,-5.590558E-19
8154.838516,4.24599e-18
8157.398679,1.986135E-18
8159.958843,4.277787E-18
8162.519007,4.474699E-18
8165.07917,4.302789E-18
8167.639334,5.594539E-18
8170.199498,4.879743E-18
8172.759662,7.798431E-19
8175.319825,8.210947E-19
8177.879989,6.821881E-18
8180.440153,7.496535E-18
8183.000317,5.007156E-18
8185.56048,5.893398E-18
8188.120644,4.310469E-18
8190.680808,5.357888E-18
8193.240972,4.956133E-18
8195.801135,3.83066e-18
8198.361299,4.786454E-18
8200.921463,2.680324E-18
8203.481627,4.688482E-18
8206.04179,6.555029E-18
8208.601954,4.400938E-18
8211.162118,5.299166E-18
8213.722281,6.295348E-18
8216.282445,6.400796E-18
8218.842609,6.067901E-18
8221.402773,5.951794E-18
8223.962936,7.191649E-18
8226.5231,6.864103E-18
8229.083264,1.83081e-18
8231.643428,1.334469E-18
8234.203591,4.949168E-18
8236.763755,5.888454E-18
8239.323919,2.887517E-18
8241.884083,4.019269E-18
8244.444246,4.662479E-18
8247.00441,6.177475E-18
8249.564574,6.303323E-18
8252.124738,2.187457E-18
8254.684901,-1.187631E-18
8257.245065,2.361784E-18
8259.805229,3.280375E-18
8262.365392,2.73746e-18
8264.925556,5.108668E-18
8267.48572,6.696507E-18
8270.045884,4.808658E-18
8272.606047,1.003269E-18
8275.166211,3.169117E-18
8277.726375,1.879068E-18
8280.286539,-4.927659E-19
8282.846702,-3.935772E-19
8285.406866,-1.777963E-19
8287.96703,6.296047E-19
8290.527194,2.899494E-18
8293.087357,7.669989E-18
8295.647521,7.255994E-18
8298.207685,8.171583E-18
8300.767848,8.401066E-18
8303.328012,8.144306E-18
8305.888176,7.594255E-18
8308.44834,6.202426E-18
8311.008503,4.561595E-18
8313.568667,1.642831E-18
8316.128831,1.560674E-18
8318.688995,4.950393E-18
8321.249158,4.052744E-18
8323.809322,3.724363E-18
8326.369486,4.442853E-18
8328.92965,2.030328E-18
8331.489813,3.145581E-18
8334.049977,5.644687E-18
8336.610141,7.502832E-18
8339.170305,4.543838E-18
8341.730468,7.322284E-18
8344.290632,4.910498E-18
8346.850796,3.710005E-18
8349.410959,3.362349E-18
8351.971123,7.665463E-20
8354.531287,1.368399E-18
8357.091451,4.742001E-18
8359.651614,1.679627E-18
8362.211778,6.997356E-18
8364.771942,8.6128e-18
8367.332106,4.03293e-18
8369.892269,5.471922E-18
8372.452433,5.255479E-18
8375.012597,5.659103E-18
8377.572761,6.746451E-18
8380.132924,8.437603E-18
8382.693088,6.781207E-18
8385.253252,4.212218E-18
8387.813416,5.406503E-18
8390.373579,9.216394E-18
8392.933743,1.479604E-18
8395.493907,-7.376439E-20
8398.05407,9.939072E-18
8400.614234,8.030579E-18
8403.174398,9.522339E-18
8405.734562,1.044259E-17
8408.294725,7.566784E-18
8410.854889,5.874091E-18
8413.415053,4.79146e-18
8415.975217,4.997511E-18
8418.53538,6.143064E-18
8421.095544,7.727868E-18
8423.655708,1.45212e-18
8426.215872,2.635169E-18
8428.776035,4.451548E-18
8431.336199,7.710825E-18
8433.896363,4.902981E-18
8436.456527,8.557628E-18
8439.01669,9.669585E-18
8441.576854,1.10357e-17
8444.137018,8.015927E-18
8446.697181,4.513841E-18
8449.257345,1.06021e-18
8451.817509,2.544453E-18
8454.377673,1.211488E-18
8456.937836,4.046278E-18
8459.498,4.406143E-18
8462.058164,2.388404E-18
8464.618328,5.029649E-18
8467.178491,5.952717E-18
8469.738655,5.798122E-18
8472.298819,2.320132E-18
8474.858983,5.989758E-18
8477.419146,4.336131E-18
8479.97931,2.545906E-18
8482.539474,1.746746E-18
8485.099638,5.049267E-19
8487.659801,8.69705e-19
8490.219965,2.008269E-18
8492.780129,5.437451E-18
8495.340292,4.011645E-18
8497.900456,5.219824E-18
8500.46062,8.464457E-18
8503.020784,8.46169e-18
8505.580947,6.47406e-18
8508.141111,5.099657E-18
8510.701275,5.388341E-18
8513.261439,6.612675E-18
8515.821602,1.641837E-18
8518.381766,1.128355E-18
8520.94193,2.458324E-18
8523.502094,5.071793E-18
8526.062257,7.372152E-18
8528.622421,4.364702E-18
8531.182585,6.010262E-18
8533.742748,5.469412E-18
8536.302912,3.381455E-18
8538.863076,4.050749E-18
8541.42324,4.941756E-18
8543.983403,1.977779E-18
8546.543567,2.609705E-18
8549.103731,2.628752E-18
8551.663895,2.234218E-18
8554.224058,2.828733E-18
8556.784222,5.708698E-18
8559.344386,6.721641E-18
8561.90455,3.485537E-18
8564.464713,5.934848E-18
8567.024877,4.961617E-18
8569.585041,2.74301e-18
8572.145205,3.86214e-18
8574.705368,6.177304E-18
8577.265532,1.986365E-18
8579.825696,5.974587E-18
8582.385859,3.36158e-18
8584.946023,6.693414E-18
8587.506187,5.719842E-18
8590.066351,3.559955E-18
8592.626514,2.809652E-18
8595.186678,5.116996E-21
8597.746842,1.945401E-18
8600.307006,5.748377E-18
8602.867169,4.717517E-18
8605.427333,3.816469E-18
8607.987497,6.345774E-18
8610.547661,1.056521E-17
8613.107824,5.474974E-18
8615.667988,6.213385E-18
8618.228152,6.248661E-18
8620.788316,3.008369E-18
8623.348479,3.066689E-18
8625.908643,3.36022e-18
8628.468807,7.276132E-18
8631.02897,6.648318E-18
8633.589134,6.4286e-18
8636.149298,6.812028E-18
8638.709462,1.932423E-18
8641.269625,5.430614E-18
8643.829789,6.737745E-18
8646.389953,9.923581E-18
8648.950117,5.534527E-18
8651.51028,6.180435E-18
8654.070444,5.791529E-18
8656.630608,7.47145e-18
8659.190772,7.046943E-18
8661.750935,4.424617E-18
8664.311099,3.352715E-18
8666.871263,5.321387E-18
8669.431427,5.88073e-18
8671.99159,7.269616E-18
8674.551754,6.365425E-18
8677.111918,8.422466E-18
8679.672081,7.737395E-18
8682.232245,3.326726E-18
8684.792409,4.966376E-18
8687.352573,6.88952e-18
8689.912736,9.754062E-18
8692.4729,5.920206E-18
8695.033064,3.9873e-18
8697.593228,6.409305E-18
8700.153391,1.1654e-17
8702.713555,1.386221E-17
8705.273719,1.238948E-17
8707.833883,3.263398E-18
8710.394046,1.693844E-19
8712.95421,8.883185E-19
8715.514374,4.79134e-18
8718.074538,5.651776E-18
8720.634701,4.077084E-18
8723.194865,9.017044E-18
8725.755029,7.728902E-18
8728.315192,5.021297E-18
8730.875356,6.465424E-19
8733.43552,4.970409E-18
8735.995684,5.564994E-18
8738.555847,5.668142E-18
8741.116011,5.568904E-18
8743.676175,5.08653e-18
8746.236339,3.65502e-18
8748.796502,2.092274E-18
8751.356666,3.277233E-18
8753.91683,3.485866E-18
8756.476994,4.388475E-18
8759.037157,5.167363E-18
8761.597321,5.545004E-18
8764.157485,3.010302E-18
8766.717649,4.428099E-18
8769.277812,1.863602E-18
8771.837976,5.466818E-18
8774.39814,8.388933E-18
8776.958303,1.73894e-18
8779.518467,1.828802E-18
8782.078631,4.489885E-19
8784.638795,-3.635966E-19
8787.198958,1.265921E-18
8789.759122,2.735043E-18
8792.319286,3.930149E-18
8794.87945,2.225344E-18
8797.439613,1.962556E-18
8799.999777,2.149763E-18
