wavelength,flux,e_flux
3500.709491,2.4481509,2.4481509
3504.212046,2.4924355,2.4924355
3507.714602,2.5166554,2.5166554
3511.217426,2.5543783,2.5543783
3514.730972,2.5697210,2.5697210
3518.244519,2.5796614,2.5796614
3521.769056,2.5917032,2.5917032
3525.282602,2.6009593,2.6009593
3528.807407,2.6188693,2.6188693
3532.342935,2.6270568,2.6270568
3535.867472,2.6370282,2.6370282
3539.413991,2.6378591,2.6378591
3542.949519,2.6514623,2.6514623
3546.496037,2.6454494,2.6454494
3550.042556,2.6401103,2.6401103
3553.589074,2.6544194,2.6544194
3557.146583,2.6633487,2.6633487
3560.704093,2.6644263,2.6644263
3564.261602,2.6620307,2.6620307
3567.830102,2.6629796,2.6629796
3571.398602,2.6650269,2.6650269
3574.967102,2.6711140,2.6711140
3578.535602,2.6694727,2.6694727
3582.115093,2.6636379,2.6636379
3585.705574,2.6643367,2.6643367
3589.285065,2.6628442,2.6628442
3592.875546,2.6628237,2.6628237
3596.466028,2.6477172,2.6477172
3600.0675,2.6602266,2.6602266
3603.668972,2.6506925,2.6506925
3607.270444,2.6420217,2.6420217
3610.882907,2.6362631,2.6362631
3614.484111,2.6442227,2.6442227
3618.107565,2.6323521,2.6323521
3621.720028,2.6340191,2.6340191
3625.343481,2.6393239,2.6393239
3628.966935,2.6406920,2.6406920
3632.601111,2.6244199,2.6244199
3636.235556,2.6167660,2.6167660
3639.87,2.6028132,2.6028132
3643.504444,2.5977962,2.5977962
3647.149611,2.6094825,2.6094825
3650.795046,2.6093307,2.6093307
3654.451472,2.6007874,2.6007874
3658.107898,2.5982225,2.5982225
3661.764056,2.5901899,2.5901899
3665.420481,2.5782554,2.5782554
3669.087898,2.5707114,2.5707114
3672.755046,2.5731013,2.5731013
3676.433454,2.5604494,2.5604494
3680.111593,2.5730820,2.5730820
3683.79,2.5665250,2.5665250
3687.468407,2.5620570,2.5620570
3691.157537,2.5653567,2.5653567
3694.846935,2.5709558,2.5709558
3698.547056,2.5754304,2.5754304
3702.247444,2.5843337,2.5843337
3705.947565,2.5906887,2.5906887
3709.658944,2.5878260,2.5878260
3713.370056,2.5913970,2.5913970
3717.081435,2.5826221,2.5826221
3720.792546,2.5750010,2.5750010
3724.514916,2.5864608,2.5864608
3728.237019,2.5761068,2.5761068
3731.970111,2.5930443,2.5930443
3735.703472,2.6000578,2.6000578
3739.436565,2.5816579,2.5816579
3743.180916,2.5933137,2.5933137
3746.914009,2.6023853,2.6023853
3750.669083,2.6115861,2.6115861
3754.413435,2.6341436,2.6341436
3758.168509,2.6487315,2.6487315
3761.934574,2.6550169,2.6550169
3765.689916,2.6826844,2.6826844
3769.455981,2.6974444,2.6974444
3773.222046,2.7185853,2.7185853
3776.999102,2.7359307,2.7359307
3780.776426,2.7532492,2.7532492
3784.564472,2.7648251,2.7648251
3788.341528,2.7790835,2.7790835
3792.129574,2.7969706,2.7969706
3795.928611,2.8126104,2.8126104
3799.716926,2.8294942,2.8294942
3803.515963,2.8466737,2.8466737
3807.325991,2.8690329,2.8690329
3811.136019,2.8829319,2.8829319
3814.946046,2.9015198,2.9015198
3818.756074,2.9262619,2.9262619
3822.577093,2.9331086,2.9331086
3826.398111,2.9245512,2.9245512
3830.230389,2.9179776,2.9179776
3834.062398,2.9202898,2.9202898
3837.894407,2.9106495,2.9106495
3841.726417,2.8973663,2.8973663
3845.569416,2.8888831,2.8888831
3849.412416,2.8783302,2.8783302
3853.266407,2.8737929,2.8737929
3857.120398,2.8648870,2.8648870
3860.974389,2.8711531,2.8711531
3864.839102,2.8677661,2.8677661
3868.704083,2.8559277,2.8559277
3872.569065,2.8327405,2.8327405
3876.445037,2.8369782,2.8369782
3880.321009,2.8251348,2.8251348
3884.207972,2.8126898,2.8126898
3888.083944,2.7948825,2.7948825
3891.970907,2.7694495,2.7694495
3895.868593,2.7409325,2.7409325
3899.766546,2.7251949,2.7251949
3903.6645,2.7164128,2.7164128
3907.562454,2.6947274,2.6947274
3911.471398,2.6842866,2.6842866
3915.380074,2.6653247,2.6653247
3919.300009,2.6571126,2.6571126
3923.219944,2.6573691,2.6573691
3927.150602,2.6423454,2.6423454
3931.070537,2.6261294,2.6261294
3935.001463,2.6236966,2.6236966
3938.943111,2.6364057,2.6364057
3942.874037,2.6470139,2.6470139
3946.815954,2.6730521,2.6730521
3950.768593,2.6863408,2.6863408
3954.7215,2.7037795,2.7037795
3958.674407,2.7189002,2.7189002
3962.638037,2.7473807,2.7473807
3966.590944,2.7652311,2.7652311
3970.565565,2.7805548,2.7805548
3974.529463,2.7922511,2.7922511
3978.504083,2.8099670,2.8099670
3982.489963,2.8154469,2.8154469
3986.464584,2.8160152,2.8160152
3990.450463,2.8152449,2.8152449
3994.447065,2.8109519,2.8109519
3998.443935,2.8000014,2.8000014
4002.440537,2.7927399,2.7927399
4006.448398,2.7810056,2.7810056
4010.445,2.7793598,2.7793598
4014.463583,2.7873569,2.7873569
4018.471444,2.7853200,2.7853200
4022.490028,2.7913270,2.7913270
4026.519602,2.7910297,2.7910297
4030.538454,2.8007152,2.8007152
4034.579019,2.8101475,2.8101475
4038.608593,2.8316071,2.8316071
4042.649426,2.8390143,2.8390143
4046.689991,2.8534150,2.8534150
4050.741546,2.8734345,2.8734345
4054.782111,2.8888817,2.8888817
4058.844926,2.8915534,2.8915534
4062.896481,2.9044387,2.9044387
4066.970019,2.9042623,2.9042623
4071.032565,2.9131064,2.9131064
4075.106102,2.9097381,2.9097381
4079.179907,2.9065232,2.9065232
4083.253444,2.8953202,2.8953202
4087.337972,2.8787291,2.8787291
4091.433491,2.8749344,2.8749344
4095.518019,2.8564692,2.8564692
4099.613537,2.8507218,2.8507218
4103.720046,2.8437674,2.8437674
4107.815565,2.8218708,2.8218708
4111.933065,2.8125708,2.8125708
4116.039574,2.8098390,2.8098390
4120.157074,2.8201239,2.8201239
4124.274574,2.8348694,2.8348694
4128.403065,2.8267615,2.8267615
4132.531556,2.8538127,2.8538127
4136.660046,2.8732965,2.8732965
4140.799528,2.8730633,2.8730633
4144.939009,2.8894782,2.8894782
4149.089481,2.9033325,2.9033325
4153.228963,2.9049971,2.9049971
4157.390426,2.9144957,2.9144957
4161.540898,2.9230037,2.9230037
4165.702093,2.9401119,2.9401119
4169.874546,2.9389381,2.9389381
4174.047,2.9567668,2.9567668
4178.219454,2.9572122,2.9572122
4182.391907,2.9626923,2.9626923
4186.575083,2.9713376,2.9713376
4190.769519,2.9705906,2.9705906
4194.952963,2.9720676,2.9720676
4199.147398,2.9763367,2.9763367
4203.352556,2.9628336,2.9628336
4207.557981,2.9500496,2.9500496
4211.763407,2.9514663,2.9514663
4215.968565,2.9502959,2.9502959
4220.184981,2.9490726,2.9490726
4224.412389,2.9487565,2.9487565
4228.639528,2.9414461,2.9414461
4232.866935,2.9465957,2.9465957
4237.094074,2.9633451,2.9633451
4241.332472,2.9715714,2.9715714
4245.570602,3.0001521,3.0001521
4249.819991,3.0224011,3.0224011
4254.069111,3.0569582,3.0569582
4258.329491,3.0726068,3.0726068
4262.578611,3.0868416,3.0868416
4266.849981,3.0965629,3.0965629
4271.110093,3.1011353,3.1011353
4275.381463,3.1196680,3.1196680
4279.663556,3.1069789,3.1069789
4283.945916,3.0987308,3.0987308
4288.228009,3.0908341,3.0908341
4292.510102,3.0878055,3.0878055
4296.803454,3.0764439,3.0764439
4301.107528,3.0578103,3.0578103
4305.400611,3.0416415,3.0416415
4309.715944,3.0249581,3.0249581
4314.020019,3.0184538,3.0184538
4318.335084,3.0036428,3.0036428
4322.650416,2.9862757,2.9862757
4326.976472,2.9805956,2.9805956
4331.302528,2.9697804,2.9697804
4335.639574,2.9570501,2.9570501
4339.965898,2.9408655,2.9408655
4344.313935,2.9225633,2.9225633
4348.650981,2.9189990,2.9189990
4352.999019,2.9078398,2.9078398
4357.358046,2.9091377,2.9091377
4361.717074,2.8973761,2.8973761
4366.076102,2.8990643,2.8990643
4370.446389,2.9048667,2.9048667
4374.816407,2.9051080,2.9051080
4379.186426,2.9147196,2.9147196
4383.567435,2.9157286,2.9157286
4387.948444,2.9230669,2.9230669
4392.340444,2.9228139,2.9228139
4396.732444,2.9246066,2.9246066
4401.124444,2.9376907,2.9376907
4405.527435,2.9388840,2.9388840
4409.930426,2.9451668,2.9451668
4414.344407,2.9354150,2.9354150
4418.758389,2.9315357,2.9315357
4423.183093,2.9356847,2.9356847
4427.597074,2.9243486,2.9243486
4432.033037,2.9091718,2.9091718
4436.469,2.8990533,2.8990533
4440.904963,2.9000590,2.9000590
4445.340926,2.9008281,2.9008281
4449.787611,2.8944919,2.8944919
4454.234565,2.8891456,2.8891456
4458.692509,2.8707478,2.8707478
4463.150454,2.8650744,2.8650744
4467.608398,2.8636532,2.8636532
4472.077065,2.8705201,2.8705201
4476.556991,2.8732150,2.8732150
4481.025926,2.8704472,2.8704472
4485.516574,2.8754859,2.8754859
4489.9965,2.8633749,2.8633749
4494.487417,2.8527274,2.8527274
4498.978333,2.8496709,2.8496709
4503.479704,2.8484118,2.8484118
4507.981611,2.8482451,2.8482451
4512.494777,2.8424683,2.8424683
4517.007407,2.8202806,2.8202806
4521.520037,2.8002739,2.8002739
4526.043926,2.7816508,2.7816508
4530.567814,2.7681713,2.7681713
4535.102426,2.7476041,2.7476041
4539.637037,2.7138989,2.7138989
4544.171648,2.6854348,2.6854348
4548.717519,2.6765051,2.6765051
4553.274111,2.6674261,2.6674261
4557.819981,2.6723638,2.6723638
4562.387833,2.6669686,2.6669686
4566.944426,2.6529536,2.6529536
4571.512277,2.6574564,2.6574564
4576.079593,2.6591268,2.6591268
4580.658167,2.6619980,2.6619980
4585.237277,2.6711061,2.6711061
4589.826574,2.6702003,2.6702003
4594.416407,2.6814482,2.6814482
4599.016963,2.6906264,2.6906264
4603.606796,2.6986597,2.6986597
4608.218074,2.7055085,2.7055085
4612.81863,2.7171512,2.7171512
4617.430444,2.7288392,2.7288392
4622.052981,2.7340569,2.7340569
4626.675519,2.7295787,2.7295787
4631.298056,2.7355218,2.7355218
4635.931852,2.7367108,2.7367108
4640.565111,2.7338796,2.7338796
4645.20963,2.7273748,2.7273748
4649.854148,2.7153597,2.7153597
4654.509926,2.7087667,2.7087667
4659.165167,2.6965196,2.6965196
4663.820944,2.6857128,2.6857128
4668.487444,2.6711457,2.6711457
4673.153944,2.6692936,2.6692936
4677.831167,2.6532035,2.6532035
4682.508926,2.6544507,2.6544507
4687.186148,2.6538720,2.6538720
4691.87463,2.6588733,2.6588733
4696.563111,2.6550694,2.6550694
4701.262851,2.6480083,2.6480083
4705.962056,2.6462371,2.6462371
4710.672519,2.6335397,2.6335397
4715.382981,2.6256647,2.6256647
4720.093444,2.6191556,2.6191556
4724.81463,2.6111872,2.6111872
4729.547074,2.6069837,2.6069837
4734.268796,2.5982747,2.5982747
4739.011963,2.5896592,2.5896592
4743.744407,2.5718548,2.5718548
4748.487574,2.5559330,2.5559330
4753.242,2.5553453,2.5553453
4757.996426,2.5629761,2.5629761
4762.750851,2.5668578,2.5668578
4767.516,2.5645130,2.5645130
4772.281149,2.5712733,2.5712733
4777.057556,2.5774350,2.5774350
4781.833963,2.5773740,2.5773740
4786.61037,2.5806353,2.5806353
4791.3975,2.5779822,2.5779822
4796.195889,2.5774271,2.5774271
4800.983019,2.5759060,2.5759060
4805.79213,2.5856075,2.5856075
4810.590519,2.5908108,2.5908108
4815.39963,2.6001866,2.6001866
4820.22,2.5983751,2.5983751
4825.04037,2.5960331,2.5960331
4829.871463,2.5814462,2.5814462
4834.691833,2.5786352,2.5786352
4839.533648,2.5816631,2.5816631
4844.376,2.5834887,2.5834887
4849.218351,2.5824554,2.5824554
4854.060167,2.5654008,2.5654008
4858.9245,2.5606661,2.5606661
4863.777574,2.5602753,2.5602753
4868.641907,2.5443194,2.5443194
4873.516963,2.5290530,2.5290530
4878.381296,2.5156131,2.5156131
4883.267074,2.5036485,2.5036485
4888.14213,2.4938138,2.4938138
4893.039167,2.4871266,2.4871266
4897.925481,2.4795277,2.4795277
4902.833777,2.4669633,2.4669633
4907.730814,2.4571590,2.4571590
4912.638574,2.4487026,2.4487026
4917.557593,2.4481280,2.4481280
4922.465889,2.4466653,2.4466653
4927.39563,2.4396169,2.4396169
4932.314648,2.4406774,2.4406774
4937.255648,2.4309313,2.4309313
4942.185926,2.4330056,2.4330056
4947.126926,2.4358611,2.4358611
4952.078648,2.4465845,2.4465845
4957.030907,2.4481659,2.4481659
4961.993889,2.4411356,2.4411356
4966.945611,2.4319139,2.4319139
4971.919851,2.4230454,2.4230454
4976.893556,2.4172595,2.4172595
4981.867796,2.4050686,2.4050686
4986.852223,2.4053147,2.4053147
4991.837186,2.4010253,2.4010253
4996.833407,2.3963449,2.3963449
5001.829093,2.3995628,2.3995628
5006.825314,2.4030325,2.4030325
5011.831723,2.3981824,2.3981824
5016.849926,2.3907855,2.3907855
5021.867593,2.3824561,2.3824561
5026.885796,2.3789444,2.3789444
5031.914186,2.3740182,2.3740182
5036.943111,2.3806684,2.3806684
5041.983296,2.3728800,2.3728800
5047.022944,2.3662782,2.3662782
5052.073852,2.3588777,2.3588777
5057.124223,2.3427024,2.3427024
5062.186389,2.3276393,2.3276393
5067.248019,2.3230669,2.3230669
5072.309648,2.3181329,2.3181329
5077.382537,2.3216035,2.3216035
5082.466148,2.3146701,2.3146701
5087.550296,2.3102338,2.3102338
5092.633907,2.3234546,2.3234546
5097.728777,2.3299134,2.3299134
5102.823111,2.3298409,2.3298409
5107.928704,2.3290951,2.3290951
5113.034833,2.3305199,2.3305199
5118.151149,2.3327053,2.3327053
5123.268,2.3303404,2.3303404
5128.395574,2.3310740,2.3310740
5133.512426,2.3189270,2.3189270
5138.650723,2.2927692,2.2927692
5143.789556,2.2931938,2.2931938
5148.939111,2.2790349,2.2790349
5154.088667,2.2653701,2.2653701
5159.238223,2.2464092,2.2464092
5164.399037,2.2437727,2.2437727
5169.559852,2.2287080,2.2287080
5174.731389,2.2276545,2.2276545
5179.902926,2.2131965,2.2131965
5185.085186,2.2149522,2.2149522
5190.278704,2.2172592,2.2172592
5195.4615,2.2107332,2.2107332
5200.655019,2.2154055,2.2154055
5205.859796,2.2178900,2.2178900
5211.064037,2.2207086,2.2207086
5216.279537,2.2171950,2.2171950
5221.495037,2.2072670,2.2072670
5226.721796,2.1933646,2.1933646
5231.937296,2.1793530,2.1793530
5237.174777,2.1687522,2.1687522
5242.411723,2.1641829,2.1641829
5247.660463,2.1460400,2.1460400
5252.908667,2.1332221,2.1332221
5258.157407,2.1152496,2.1152496
5263.41687,2.1079721,2.1079721
5268.676333,2.0896163,2.0896163
5273.946519,2.0882559,2.0882559
5279.216704,2.0754755,2.0754755
5284.498148,2.0754092,2.0754092
5289.790851,2.0620739,2.0620739
5295.083019,2.0580022,2.0580022
5300.375186,2.0534754,2.0534754
5305.667889,2.0459719,2.0459719
5310.982037,2.0327096,2.0327096
5316.285463,2.0234649,2.0234649
5321.599611,2.0124681,2.0124681
5326.925019,2.0160840,2.0160840
5332.250426,2.0177016,2.0177016
5337.586556,2.0276201,2.0276201
5342.922686,2.0295906,2.0295906
5348.270074,2.0323191,2.0323191
5353.617463,2.0336061,2.0336061
5358.964851,2.0343640,2.0343640
5364.333686,2.0438654,2.0438654
5369.692333,2.0504785,2.0504785
5375.061167,2.0537560,2.0537560
5380.441796,2.0519581,2.0519581
5385.821889,2.0529485,2.0529485
5391.201981,2.0401599,2.0401599
5396.604056,2.0470824,2.0470824
5401.995407,2.0327640,2.0327640
5407.397481,2.0293314,2.0293314
5412.810814,2.0130494,2.0130494
5418.212889,2.0072167,2.0072167
5423.636944,2.0004201,2.0004201
5429.061,2.0055466,2.0055466
5434.485056,1.9992783,1.9992783
5439.92037,1.9894580,1.9894580
5445.366407,1.9735897,1.9735897
5450.812444,1.9764220,1.9764220
5456.258481,1.9532145,1.9532145
5461.715777,1.9511683,1.9511683
5467.183796,1.9487897,1.9487897
5472.651814,1.9415593,1.9415593
5478.119833,1.9364066,1.9364066
5483.598574,1.9280276,1.9280276
5489.077852,1.9231236,1.9231236
5494.567851,1.9359185,1.9359185
5500.068574,1.9388180,1.9388180
5505.569833,1.9316199,1.9316199
5511.070556,1.9433219,1.9433219
5516.582537,1.9437422,1.9437422
5522.094519,1.9393299,1.9393299
5527.617223,1.9294395,1.9294395
5533.151186,1.9185433,1.9185433
5538.685148,1.9085658,1.9085658
5544.23037,1.8884580,1.8884580
5549.764333,1.8706799,1.8706799
5555.320277,1.8595763,1.8595763
5560.875686,1.8403813,1.8403813
5566.43163,1.8414030,1.8414030
5571.998833,1.8197896,1.8197896
5577.576223,1.8227530,1.8227530
5583.154148,1.8294709,1.8294709
5588.732074,1.8342462,1.8342462
5594.320723,1.8236761,1.8236761
5599.92063,1.8320528,1.8320528
5605.520537,1.8305963,1.8305963
5611.120444,1.8415726,1.8415726
5616.731074,1.8618110,1.8618110
5622.352963,1.8742213,1.8742213
5627.974852,1.8555110,1.8555110
5633.607463,1.8535715,1.8535715
5639.240074,1.8440939,1.8440939
5644.872686,1.8309381,1.8309381
5650.527814,1.8150656,1.8150656
5656.171148,1.8004936,1.8004936
5661.826277,1.7807498,1.7807498
5667.491593,1.7704767,1.7704767
5673.157444,1.7459372,1.7459372
5678.834019,1.7224398,1.7224398
5684.510593,1.7178476,1.7178476
5690.198426,1.6974005,1.6974005
5695.885723,1.6696777,1.6696777
5701.584814,1.6388284,1.6388284
5707.28337,1.6273718,1.6273718
5712.992648,1.6099706,1.6099706
5718.702463,1.5994774,1.5994774
5724.423,1.5923533,1.5923533
5730.154796,1.5854422,1.5854422
5735.875333,1.5731755,1.5731755
5741.617852,1.5700113,1.5700113
5747.36037,1.5669464,1.5669464
5753.102889,1.5696303,1.5696303
5758.85613,1.5732688,1.5732688
5764.62063,1.5704778,1.5704778
5770.38513,1.5649816,1.5649816
5776.14963,1.5584395,1.5584395
5781.925389,1.5536664,1.5536664
5787.71187,1.5497477,1.5497477
5793.498352,1.5501755,1.5501755
5799.295556,1.5386432,1.5386432
5805.093296,1.5227581,1.5227581
5810.901223,1.5105368,1.5105368
5816.709686,1.4951262,1.4951262
5822.529407,1.4782057,1.4782057
5828.348593,1.4711590,1.4711590
5834.179037,1.4553790,1.4553790
5840.009481,1.4445810,1.4445810
5845.850648,1.4338585,1.4338585
5851.703074,1.4268759,1.4268759
5857.5555,1.4184124,1.4184124
5863.407926,1.4073561,1.4073561
5869.271074,1.3994910,1.3994910
5875.145481,1.3857431,1.3857431
5881.019889,1.3784806,1.3784806
5886.905019,1.3713043,1.3713043
5892.779426,1.3632339,1.3632339
5898.675814,1.3485225,1.3485225
5904.582926,1.3337159,1.3337159
5910.479314,1.3103734,1.3103734
5916.397149,1.2841736,1.2841736
5922.304796,1.2620301,1.2620301
5928.233889,1.2412527,1.2412527
5934.162981,1.2226541,1.2226541
5940.092074,1.2043796,1.2043796
5946.032426,1.1877764,1.1877764
5951.9835,1.1808167,1.1808167
5957.934574,1.1790972,1.1790972
5963.896907,1.1777124,1.1777124
5969.858704,1.1760925,1.1760925
5975.832296,1.1873701,1.1873701
5981.805352,1.2016469,1.2016469
5987.78913,1.2134339,1.2134339
5993.773444,1.2229565,1.2229565
5999.768481,1.2264736,1.2264736
6005.763519,1.2332021,1.2332021
6011.769814,1.2360260,1.2360260
6017.786833,1.2370400,1.2370400
6023.803851,1.2397501,1.2397501
6029.831593,1.2443281,1.2443281
6035.85987,1.2493629,1.2493629
6041.89887,1.2517228,1.2517228
6047.93787,1.2505327,1.2505327
6053.987593,1.2474546,1.2474546
6060.037852,1.2503202,1.2503202
6066.098833,1.2520458,1.2520458
6072.159814,1.2538143,1.2538143
6078.231519,1.2591274,1.2591274
6084.314481,1.2601444,1.2601444
6090.397444,1.2670603,1.2670603
6096.49113,1.2685252,1.2685252
6102.585351,1.2750295,1.2750295
6108.690296,1.2755949,1.2755949
6114.805963,1.2800105,1.2800105
6120.910907,1.2811491,1.2811491
6127.037833,1.2819469,1.2819469
6133.164223,1.2841311,1.2841311
6139.302407,1.2850552,1.2850552
6145.440056,1.2843792,1.2843792
6151.577704,1.2938889,1.2938889
6157.73787,1.3011630,1.3011630
6163.8975,1.3090901,1.3090901
6170.05713,1.3079147,1.3079147
6176.228019,1.3056498,1.3056498
6182.398907,1.3030092,1.3030092
6188.580519,1.3041781,1.3041781
6194.773389,1.3029231,1.3029231
6200.965723,1.3015831,1.3015831
6207.169851,1.3011141,1.3011141
6213.384167,1.2997007,1.2997007
6219.588296,1.3024932,1.3024932
6225.81387,1.3006074,1.3006074
6232.039444,1.2968245,1.2968245
6238.265019,1.2918063,1.2918063
6244.512574,1.2869469,1.2869469
6250.749407,1.2799158,1.2799158
6257.007686,1.2747771,1.2747771
6263.2665,1.2706733,1.2706733
6269.525314,1.2712297,1.2712297
6275.794851,1.2724046,1.2724046
6282.075111,1.2733333,1.2733333
6288.355907,1.2612077,1.2612077
6294.647426,1.2538222,1.2538222
6300.938944,1.2482187,1.2482187
6307.241186,1.2465284,1.2465284
6313.543963,1.2456909,1.2456909
6319.857463,1.2429515,1.2429515
6326.181686,1.2415880,1.2415880
6332.506444,1.2381026,1.2381026
6338.841926,1.2357858,1.2357858
6345.177407,1.2299275,1.2299275
6351.523611,1.2234870,1.2234870
6357.870351,1.2223229,1.2223229
6364.238537,1.2152013,1.2152013
6370.596,1.2117372,1.2117372
6376.975444,1.2078466,1.2078466
6383.34363,1.1995645,1.1995645
6389.734333,1.1939821,1.1939821
6396.1245,1.1903619,1.1903619
6402.514667,1.1853966,1.1853966
6408.916093,1.1765819,1.1765819
6415.328777,1.1714127,1.1714127
6421.740926,1.1669713,1.1669713
6428.164333,1.1687542,1.1687542
6434.598463,1.1644361,1.1644361
6441.032593,1.1620045,1.1620045
6447.466723,1.1628882,1.1628882
6453.92337,1.1536676,1.1536676
6460.368223,1.1493027,1.1493027
6466.835593,1.1401258,1.1401258
6473.302963,1.1386791,1.1386791
6479.770333,1.1409482,1.1409482
6486.259149,1.1291595,1.1291595
6492.737777,1.1231813,1.1231813
6499.237852,1.1058474,1.1058474
6505.737926,1.0960495,1.0960495
6512.238,1.0876648,1.0876648
6518.749333,1.0741677,1.0741677
6525.271389,1.0582112,1.0582112
6531.793444,1.0441017,1.0441017
6538.326223,1.0323277,1.0323277
6544.870796,1.0238301,1.0238301
6551.414833,1.0138052,1.0138052
6557.95887,1.0014968,1.0014968
6564.524889,1.0011570,1.0011570
6571.090907,0.9928885,0.9928885
6577.656926,0.9842376,0.9842376
6584.233667,0.9871114,0.9871114
6590.821667,0.9884032,0.9884032
6597.409667,0.9937828,0.9937828
6604.008926,0.9929495,0.9929495
6610.618907,0.9855564,0.9855564
6617.228889,0.9787005,0.9787005
6623.849593,0.9713465,0.9713465
6630.470833,0.9677866,0.9677866
6637.102796,0.9634396,0.9634396
6643.734223,0.9569005,0.9569005
6650.377444,0.9520242,0.9520242
6657.031389,0.9480612,0.9480612
6663.685333,0.9411908,0.9411908
6670.35,0.9414778,0.9414778
6677.025926,0.9395926,0.9395926
6683.701851,0.9357662,0.9357662
6690.3885,0.9388379,0.9388379
6697.075149,0.9390875,0.9390875
6703.773056,0.9427100,0.9427100
6710.470963,0.9501016,0.9501016
6717.190851,0.9525837,0.9525837
6723.910204,0.9554988,0.9554988
6730.630093,0.9565721,0.9565721
6737.360704,0.9587954,0.9587954
6744.102574,0.9615151,0.9615151
6750.844444,0.9658405,0.9658405
6757.597037,0.9724174,0.9724174
6764.34963,0.9817048,0.9817048
6771.113481,0.9868718,0.9868718
6777.888056,0.9967657,0.9967657
6784.66263,0.9979238,0.9979238
6791.448463,1.0001101,1.0001101
6798.245019,1.0006750,1.0006750
6805.041574,0.9961058,0.9961058
6811.849389,0.9916629,0.9916629
6818.656667,0.9929227,0.9929227
6825.475204,0.9897895,0.9897895
6832.305,0.9877191,0.9877191
6839.134796,0.9824156,0.9824156
6845.975314,0.9777938,0.9777938
6852.826556,0.9803326,0.9803326
6859.667074,0.9895350,0.9895350
6866.529574,0.9938386,0.9938386
6873.403333,1.0027581,1.0027581
6880.276556,1.0075244,1.0075244
6887.161037,1.0116020,1.0116020
6894.045519,1.0155720,1.0155720
6900.940723,1.0175287,1.0175287
6907.836463,1.0167209,1.0167209
6914.742926,1.0130087,1.0130087
6921.660111,1.0137919,1.0137919
6928.588556,1.0095667,1.0095667
6935.517,1.0063831,1.0063831
6942.445444,1.0055883,1.0055883
6949.39587,0.9975581,0.9975581
6956.346296,0.9947908,0.9947908
6963.296186,0.9938146,0.9938146
6970.25787,0.9934841,0.9934841
6977.230277,0.9946789,0.9946789
6984.213407,0.9969791,0.9969791
6991.196537,1.0033327,1.0033327
6998.179667,1.0031831,1.0031831
7005.185314,0.9988882,0.9988882
7012.190426,0.9945237,0.9945237
7019.206796,0.9917505,0.9917505
7026.22263,0.9872102,0.9872102
7033.249723,0.9811370,0.9811370
7040.288074,0.9740899,0.9740899
7047.315167,0.9763486,0.9763486
7054.364777,0.9748321,0.9748321
7061.424574,0.9722936,0.9722936
7068.484907,0.9650436,0.9650436
7075.555963,0.9593742,0.9593742
7082.627019,0.9550283,0.9550283
7089.720056,0.9535989,0.9535989
7096.80237,0.9539459,0.9539459
7103.895407,0.9505578,0.9505578
7111.010426,0.9442823,0.9442823
7118.114186,0.9398012,0.9398012
7125.229204,0.9383779,0.9383779
7132.355481,0.9339198,0.9339198
7139.492481,0.9279493,0.9279493
7146.629481,0.9248084,0.9248084
7153.777204,0.9215488,0.9215488
7160.936186,0.9150712,0.9150712
7168.095167,0.9129532,0.9129532
7175.265407,0.9103315,0.9103315
7182.435111,0.9104415,0.9104415
7189.616074,0.9066404,0.9066404
7196.808296,0.9033511,0.9033511
7204.010704,0.8979074,0.8979074
7211.213649,0.8967562,0.8967562
7218.427851,0.8913307,0.8913307
7225.641519,0.8906497,0.8906497
7232.866444,0.8854115,0.8854115
7240.102093,0.8809441,0.8809441
7247.349,0.8746508,0.8746508
7254.595907,0.8689159,0.8689159
7261.842814,0.8660142,0.8660142
7269.111167,0.8641190,0.8641190
7276.380056,0.8659390,0.8659390
7283.659667,0.8637660,0.8637660
7290.939814,0.8592625,0.8592625
7298.230148,0.8576739,0.8576739
7305.532277,0.8561071,0.8561071
7312.83387,0.8512259,0.8512259
7320.146186,0.8488415,0.8488415
7327.470296,0.8492142,0.8492142
7334.79387,0.8463773,0.8463773
7342.128167,0.8456179,0.8456179
7349.473723,0.8426482,0.8426482
7356.819814,0.8373153,0.8373153
7364.176093,0.8409806,0.8409806
7371.54363,0.8357150,0.8357150
7378.911167,0.8348603,0.8348603
7386.300686,0.8287978,0.8287978
7393.679481,0.8273981,0.8273981
7401.079723,0.8298235,0.8298235
7408.4805,0.8289340,0.8289340
7415.892,0.8234818,0.8234818
7423.3035,0.8168027,0.8168027
7430.725723,0.8112886,0.8112886
7438.159204,0.8084158,0.8084158
7445.592686,0.8039024,0.8039024
7453.048149,0.7977113,0.7977113
7460.492889,0.7975843,0.7975843
7467.959074,0.7901338,0.7901338
7475.425796,0.7840992,0.7840992
7482.902704,0.7804193,0.7804193
7490.391407,0.7779772,0.7779772
7497.879574,0.7767342,0.7767342
7505.379,0.7745987,0.7745987
7512.878426,0.7721876,0.7721876
7520.388574,0.7741122,0.7741122
7527.909981,0.7733600,0.7733600
7535.442111,0.7702430,0.7702430
7542.974777,0.7714424,0.7714424
7550.51763,0.7657362,0.7657362
7558.072277,0.7577028,0.7577028
7565.626389,0.7577386,0.7577386
7573.202481,0.7567301,0.7567301
7580.767851,0.7569118,0.7569118
7588.354667,0.7485296,0.7485296
7595.942019,0.7490122,0.7490122
7603.52937,0.7476696,0.7476696
7611.138167,0.7392150,0.7392150
7618.7475,0.7377869,0.7377869
7626.367556,0.7371929,0.7371929
7633.99887,0.7453781,0.7453781
7641.629649,0.7465349,0.7465349
7649.271686,0.7387169,0.7387169
7656.924981,0.7322984,0.7322984
7664.578277,0.7254481,0.7254481
7672.242296,0.7150888,0.7150888
7679.917037,0.7052518,0.7052518
7687.603037,0.6999317,0.6999317
7695.289037,0.6915669,0.6915669
7702.975037,0.6846879,0.6846879
7710.683019,0.6837837,0.6837837
7718.401723,0.6728992,0.6728992
7726.109704,0.6658220,0.6658220
7733.839667,0.6605529,0.6605529
7741.580889,0.6573741,0.6573741
7749.310852,0.6518310,0.6518310
7757.062796,0.6454327,0.6454327
7764.825463,0.6428736,0.6428736
7772.58813,0.6494260,0.6494260
7780.362056,0.6487231,0.6487231
7788.146704,0.6436854,0.6436854
7795.931889,0.6411898,0.6411898
7803.727796,0.6401642,0.6401642
7811.534426,0.6417717,0.6417717
7819.341056,0.6395665,0.6395665
7827.158944,0.6380891,0.6380891
7834.987556,0.6420254,0.6420254
7842.827426,0.6432209,0.6432209
7850.667296,0.6441968,0.6441968
7858.517889,0.6424168,0.6424168
7866.379204,0.6382223,0.6382223
7874.241056,0.6326638,0.6326638
7882.124889,0.6347478,0.6347478
7890.008186,0.6273318,0.6273318
7897.892019,0.6239737,0.6239737
7905.786574,0.6178082,0.6178082
7913.703111,0.6239517,0.6239517
7921.608926,0.6208668,0.6208668
7929.536186,0.6114634,0.6114634
7937.463981,0.6004588,0.6004588
7945.4025,0.5969595,0.5969595
7953.352277,0.5946711,0.5946711
7961.301519,0.5969931,0.5969931
7969.262019,0.5939372,0.5939372
7977.233777,0.5927086,0.5927086
7985.215723,0.5920185,0.5920185
7993.198204,0.5987466,0.5987466
8001.191944,0.5972452,0.5972452
8009.196407,0.5939850,0.5939850
8017.20087,0.5911757,0.5911757
8025.216056,0.5896697,0.5896697
8033.2425,0.5915228,0.5915228
8041.279667,0.5901379,0.5901379
8049.31737,0.5886828,0.5886828
8057.365796,0.5878919,0.5878919
8065.424944,0.5852682,0.5852682
8073.495351,0.5785432,0.5785432
8081.565223,0.5757646,0.5757646
8089.646889,0.5720862,0.5720862
8097.739277,0.5736158,0.5736158
8105.842389,0.5713878,0.5713878
8113.9455,0.5711442,0.5711442
8122.05987,0.5685328,0.5685328
8130.173704,0.5665023,0.5665023
8138.310056,0.5707893,0.5707893
8146.446407,0.5705315,0.5705315
8154.593481,0.5633600,0.5633600
8162.751814,0.5602378,0.5602378
8170.909611,0.5592168,0.5592168
8179.078667,0.5583979,0.5583979
8187.258981,0.5554510,0.5554510
8195.450019,0.5536119,0.5536119
8203.652314,0.5507594,0.5507594
8211.854074,0.5486830,0.5486830
8220.067093,0.5431201,0.5431201
8228.280111,0.5404031,0.5404031
8236.515111,0.5378882,0.5378882
8244.750111,0.5349542,0.5349542
8252.99637,0.5340946,0.5340946
8261.253351,0.5288624,0.5288624
8269.510333,0.5266455,0.5266455
8277.778037,0.5227349,0.5227349
8286.057,0.5255553,0.5255553
8294.346686,0.5281701,0.5281701
8302.636907,0.5142375,0.5142375
8310.937852,0.5039454,0.5039454
8319.249519,0.4965671,0.4965671
8327.572444,0.4977592,0.4977592
8335.89537,0.4981069,0.4981069
8344.240277,0.4973475,0.4973475
8352.584649,0.4995489,0.4995489
8360.940814,0.4991007,0.4991007
8369.296444,0.5019943,0.5019943
8377.663333,0.5078926,0.5078926
8386.040944,0.5091597,0.5091597
8394.429814,0.5102298,0.5102298
8402.829407,0.5135883,0.5135883
8411.229,0.5222150,0.5222150
8419.639852,0.5301154,0.5301154
8428.061426,0.5210494,0.5210494
8436.483,0.5206475,0.5206475
8444.926556,0.5160161,0.5160161
8453.370111,0.5120343,0.5120343
8461.824926,0.5110514,0.5110514
8470.290463,0.5103846,0.5103846
8478.756,0.5128687,0.5128687
8487.243519,0.5131050,0.5131050
8495.720314,0.5082312,0.5082312
8504.218556,0.5065396,0.5065396
8512.728056,0.5042241,0.5042241
8521.237556,0.5063245,0.5063245
8529.758314,0.5092216,0.5092216
8538.289796,0.5092502,0.5092502
8546.832,0.5078029,0.5078029
8555.374204,0.5047014,0.5047014
8563.927667,0.5075464,0.5075464
8572.492389,0.5081528,0.5081528
8581.067833,0.5071812,0.5071812
8589.643277,0.5028896,0.5028896
8598.240167,0.5020493,0.5020493
8606.837593,0.4957787,0.4957787
8615.446277,0.4949640,0.4949640
8624.065148,0.4966554,0.4966554
8632.684556,0.5004126,0.5004126
8641.314686,0.4962000,0.4962000
8649.967333,0.4861057,0.4861057
8658.608186,0.4761591,0.4761591
8667.271556,0.4774227,0.4774227
8675.934926,0.4761496,0.4761496
8684.620277,0.4764690,0.4764690
8693.305093,0.4750775,0.4750775
8701.990444,0.4779508,0.4779508
8710.697777,0.4776601,0.4776601
8719.404574,0.4756513,0.4756513
8728.12263,0.4776727,0.4776727
8736.851944,0.4777904,0.4777904
8745.591981,0.4829704,0.4829704
8754.332019,0.4827884,0.4827884
8763.094037,0.4812077,0.4812077
8771.856056,0.4783484,0.4783484
8780.629333,0.4781362,0.4781362
8789.413333,0.4859500,0.4859500
8798.197333,0.4903828,0.4903828
8807.003314,0.4800214,0.4800214
8815.809296,0.4727295,0.4727295
8824.615277,0.4725172,0.4725172
8833.442704,0.4735743,0.4735743
8842.281926,0.4718881,0.4718881
8851.120611,0.4749628,0.4749628
8859.981814,0.4701386,0.4701386
8868.831223,0.4702210,0.4702210
8877.703149,0.4576741,0.4576741
8886.586333,0.4525058,0.4525058
8895.468981,0.4518557,0.4518557
8904.362889,0.4464780,0.4464780
8913.267519,0.4472519,0.4472519
8922.183407,0.4414538,0.4414538
8931.110019,0.4416496,0.4416496
8940.03663,0.4418550,0.4418550
8948.9745,0.4466750,0.4466750
8957.934352,0.4500323,0.4500323
8966.882944,0.4464491,0.4464491
8975.853519,0.4462100,0.4462100
8984.835351,0.4503218,0.4503218
8993.816649,0.4530875,0.4530875
9002.80974,0.4546038,0.4546038
9011.813555,0.4587440,0.4587440
9020.828092,0.4587595,0.4587595
9029.853351,0.4536304,0.4536304
9038.878611,0.4524542,0.4524542
9047.915666,0.4541557,0.4541557
9056.962371,0.4575627,0.4575627
9066.020871,0.4609199,0.4609199
9075.091166,0.4635110,0.4635110
9084.160389,0.4676396,0.4676396
9093.252129,0.4691763,0.4691763
9102.342797,0.4688645,0.4688645
9111.44526,0.4688957,0.4688957
9120.558445,0.4701311,0.4701311
9129.683426,0.4660999,0.4660999
9138.807334,0.4629067,0.4629067
9147.943037,0.4655202,0.4655202
9157.100186,0.4664319,0.4664319
9166.246611,0.4668510,0.4668510
9175.415555,0.4689236,0.4689236
9184.594149,0.4702567,0.4702567
9193.784537,0.4688531,0.4688531
9202.974926,0.4674537,0.4674537
9212.176037,0.4694543,0.4694543
9221.387871,0.4720366,0.4720366
9230.6115,0.4706626,0.4706626
9239.845852,0.4696190,0.4696190
9249.080203,0.4692023,0.4692023
9258.336,0.4690037,0.4690037
9267.591797,0.4649830,0.4649830
9276.859389,0.4563857,0.4563857
9286.137703,0.4500678,0.4500678
9295.42674,0.4401834,0.4401834
9304.7265,0.4292055,0.4292055
9314.02626,0.4260721,0.4260721
9323.337814,0.4279899,0.4279899
9332.660092,0.4271152,0.4271152
9341.993092,0.4303516,0.4303516
9351.336814,0.4334548,0.4334548
9360.69126,0.4373506,0.4373506
9370.0575,0.4297195,0.4297195
9379.42374,0.4298123,0.4298123
9388.800703,0.4272173,0.4272173
9398.188389,0.4262812,0.4262812
9407.586797,0.4200392,0.4200392
9416.997,0.4175932,0.4175932
9426.417926,0.4146894,0.4146894
9435.838852,0.4136530,0.4136530
9445.281223,0.4130766,0.4130766
9454.724666,0.4172100,0.4172100
9464.17776,0.4151425,0.4151425
9473.642648,0.4144262,0.4144262
9483.11826,0.4102063,0.4102063
9492.605666,0.4083236,0.4083236
9502.092,0.4069146,0.4069146
9511.600851,0.4089653,0.4089653
9521.109703,0.4097959,0.4097959
9530.629277,0.4105311,0.4105311
9540.159574,0.4134508,0.4134508
9549.701666,0.4127740,0.4127740
9559.253408,0.4117068,0.4117068
9568.806223,0.4121629,0.4121629
9578.381555,0.4087042,0.4087042
9587.966537,0.4046085,0.4046085
9597.540797,0.4046892,0.4046892
9607.148297,0.4007777,0.4007777
9616.755797,0.3961630,0.3961630
9626.375092,0.3945842,0.3945842
9636.004037,0.3916644,0.3916644
9645.634055,0.3889742,0.3889742
9655.284445,0.3866560,0.3866560
9664.935908,0.3834997,0.3834997
9674.599166,0.3832908,0.3832908
9684.272074,0.3840485,0.3840485
9693.9675,0.3817707,0.3817707
9703.652203,0.3791831,0.3791831
9713.358351,0.3760464,0.3760464
9723.075223,0.3762159,0.3762159
9732.803889,0.3748342,0.3748342
9742.532555,0.3713635,0.3713635
9752.270871,0.3716140,0.3716140
9762.022055,0.3699822,0.3699822
9771.793611,0.3694199,0.3694199
9781.554445,0.3688068,0.3688068
9791.337797,0.3673363,0.3673363
9801.131871,0.3643802,0.3643802
9810.93774,0.3662895,0.3662895
9820.75326,0.3645566,0.3645566
9830.569852,0.3626496,0.3626496
9840.397166,0.3617693,0.3617693
9850.245926,0.3613371,0.3613371
9860.094686,0.3612790,0.3612790
9869.95524,0.3587717,0.3587717
9879.825445,0.3550953,0.3550953
9889.707445,0.3539252,0.3539252
9899.589445,0.3548355,0.3548355
9909.493963,0.3545825,0.3545825
9919.409203,0.3550159,0.3550159
9929.323371,0.3557335,0.3557335
9939.249334,0.3567020,0.3567020
9949.197814,0.3557630,0.3557630
9959.145223,0.3567871,0.3567871
9969.104426,0.3631544,0.3631544
9979.074351,0.3669172,0.3669172
9989.055,0.3640081,0.3640081
9999.046371,0.3673105,0.3673105
