wavelength,flux
3501,6.855e-18
3504,1.429e-17
3507,6.743e-18
3510,1.291e-17
3512,4.885e-18
3515,8.404e-18
3518,8.317e-18
3521,1.502e-17
3524,1.111e-17
3527,6.99e-18
3530,8.954e-18
3533,1.104e-17
3535,3.386e-18
3538,3.452e-18
3541,1.211e-17
3544,7.494e-18
3547,6.874e-18
3550,8.652e-18
3553,1.553e-17
3555,1.094e-17
3558,8.853e-18
3561,5.826e-18
3564,5.475e-18
3567,7.406e-18
3570,8.415e-18
3573,1.283e-17
3576,9.852e-18
3578,1.165e-17
3581,6.252e-18
3584,9.278e-18
3587,7.128e-18
3590,4.793e-18
3593,1.068e-17
3596,1.027e-17
3598,8.429e-18
3601,1.178e-17
3604,8.995e-18
3607,9.361e-18
3610,4.711e-18
3613,1.027e-17
3616,9.537e-18
3619,1.392e-17
3621,9.665e-18
3624,8.74e-18
3627,4.693e-18
3630,7.273e-18
3633,8.341e-18
3636,1.209e-17
3639,1.127e-17
3642,8.999e-18
3644,8.243e-18
3647,5.721e-18
3650,9.943e-18
3653,7.502e-18
3656,5.495e-18
3659,1.09e-17
3662,5.441e-18
3664,6.146e-18
3667,8.042e-18
3670,1.013e-17
3673,9.247e-18
3676,1.251e-17
3679,1.005e-17
3682,9.449e-18
3685,9.372e-18
3687,8.108e-18
3690,9.6e-18
3693,8.124e-18
3696,1.042e-17
3699,1.004e-17
3702,1.194e-17
3705,1.365e-17
3707,1.507e-17
3710,8.612e-18
3713,1.188e-17
3716,1.096e-17
3719,1.428e-17
3722,1.09e-17
3725,1.103e-17
3728,1.116e-17
3730,1.129e-17
3733,1.439e-17
3736,1.121e-17
3739,1.015e-17
3742,1.082e-17
3745,1.245e-17
3748,1.204e-17
3750,9.081e-18
3753,1.139e-17
3756,1.189e-17
3759,1.37e-17
3762,1.124e-17
3765,7.526e-18
3768,1.022e-17
3771,1.362e-17
3773,1.416e-17
3776,1.458e-17
3779,1.03e-17
3782,1.405e-17
3785,1.547e-17
3788,1.308e-17
3791,1.303e-17
3794,1.456e-17
3796,1.105e-17
3799,1.158e-17
3802,1.511e-17
3805,1.584e-17
3808,1.347e-17
3811,1.669e-17
3814,1.521e-17
3816,1.538e-17
3819,1.47e-17
3822,1.808e-17
3825,1.287e-17
3828,1.188e-17
3831,1.397e-17
3834,1.418e-17
3837,1.711e-17
3839,1.533e-17
3842,1.457e-17
3845,1.513e-17
3848,1.723e-17
3851,1.623e-17
3854,1.661e-17
3857,1.499e-17
3859,1.733e-17
3862,1.799e-17
3865,1.186e-17
3868,1.661e-17
3871,1.77e-17
3874,1.511e-17
3877,1.3e-17
3880,1.593e-17
3882,1.472e-17
3885,1.228e-17
3888,1.934e-17
3891,1.64e-17
3894,1.621e-17
3897,1.427e-17
3900,1.742e-17
3902,1.585e-17
3905,1.773e-17
3908,1.768e-17
3911,1.661e-17
3914,1.466e-17
3917,1.369e-17
3920,1.303e-17
3923,1.377e-17
3925,1.81e-17
3928,1.652e-17
3931,1.495e-17
3934,1.503e-17
3937,1.621e-17
3940,1.49e-17
3943,1.409e-17
3946,1.213e-17
3948,1.466e-17
3951,1.636e-17
3954,1.608e-17
3957,1.295e-17
3960,1.678e-17
3963,1.239e-17
3966,1.268e-17
3968,1.689e-17
3971,1.46e-17
3974,1.414e-17
3977,1.341e-17
3980,1.494e-17
3983,1.508e-17
3986,1.709e-17
3989,1.579e-17
3991,1.495e-17
3994,1.373e-17
3997,1.259e-17
4000,1.482e-17
4003,1.711e-17
4006,1.842e-17
4009,1.428e-17
4011,1.632e-17
4014,1.424e-17
4017,1.357e-17
4020,1.756e-17
4023,1.498e-17
4026,1.246e-17
4029,1.609e-17
4032,1.738e-17
4034,1.312e-17
4037,1.394e-17
4040,1.213e-17
4043,1.641e-17
4046,1.441e-17
4049,1.341e-17
4052,1.496e-17
4054,1.718e-17
4057,1.53e-17
4060,1.416e-17
4063,1.484e-17
4066,1.466e-17
4069,1.566e-17
4072,1.495e-17
4075,1.518e-17
4077,1.501e-17
4080,1.474e-17
4083,1.507e-17
4086,1.414e-17
4089,1.291e-17
4092,1.706e-17
4095,1.575e-17
4098,1.24e-17
4100,1.39e-17
4103,9.498e-18
4106,1.58e-17
4109,1.631e-17
4112,1.617e-17
4115,1.505e-17
4118,1.244e-17
4120,1.342e-17
4123,1.411e-17
4126,1.581e-17
4129,1.565e-17
4132,1.344e-17
4135,1.172e-17
4138,1.236e-17
4141,1.353e-17
4143,1.34e-17
4146,1.356e-17
4149,1.532e-17
4152,1.596e-17
4155,1.295e-17
4158,1.515e-17
4161,1.33e-17
4163,1.384e-17
4166,1.633e-17
4169,1.561e-17
4172,1.499e-17
4175,1.702e-17
4178,1.464e-17
4181,1.378e-17
4184,1.493e-17
4186,1.302e-17
4189,1.203e-17
4192,1.193e-17
4195,1.324e-17
4198,1.3e-17
4201,1.236e-17
4204,1.3e-17
4206,1.194e-17
4209,1.437e-17
4212,1.272e-17
4215,1.203e-17
4218,1.551e-17
4221,1.368e-17
4224,1.186e-17
4227,1.768e-17
4229,1.833e-17
4232,1.463e-17
4235,1.38e-17
4238,1.728e-17
4241,1.29e-17
4244,1.376e-17
4247,1.533e-17
4250,1.602e-17
4252,1.351e-17
4255,1.465e-17
4258,1.546e-17
4261,1.495e-17
4264,1.632e-17
4267,1.135e-17
4270,1.45e-17
4272,1.552e-17
4275,1.454e-17
4278,1.456e-17
4281,1.445e-17
4284,1.508e-17
4287,1.614e-17
4290,1.622e-17
4293,1.499e-17
4295,1.371e-17
4298,1.354e-17
4301,1.488e-17
4304,1.608e-17
4307,1.403e-17
4310,1.564e-17
4313,1.699e-17
4315,1.745e-17
4318,1.699e-17
4321,1.17e-17
4324,1.643e-17
4327,1.729e-17
4330,1.892e-17
4333,1.771e-17
4336,1.82e-17
4338,1.534e-17
4341,1.797e-17
4344,1.688e-17
4347,1.684e-17
4350,1.707e-17
4353,1.28e-17
4356,1.631e-17
4358,1.789e-17
4361,1.882e-17
4364,1.874e-17
4367,1.819e-17
4370,1.805e-17
4373,1.731e-17
4376,1.808e-17
4379,1.731e-17
4381,1.877e-17
4384,2.143e-17
4387,1.691e-17
4390,2.03e-17
4393,2.012e-17
4396,1.865e-17
4399,1.781e-17
4402,1.791e-17
4404,2.233e-17
4407,2.006e-17
4410,2.146e-17
4413,1.916e-17
4416,1.895e-17
4419,1.905e-17
4422,1.94e-17
4424,2.179e-17
4427,1.969e-17
4430,1.987e-17
4433,2.141e-17
4436,2.386e-17
4439,1.961e-17
4442,2.083e-17
4445,2.107e-17
4447,2.158e-17
4450,2.072e-17
4453,2.046e-17
4456,2.188e-17
4459,2.013e-17
4462,2.241e-17
4465,2.25e-17
4467,2.239e-17
4470,2.078e-17
4473,1.98e-17
4476,1.966e-17
4479,1.918e-17
4482,1.969e-17
4485,2.058e-17
4488,2.039e-17
4490,2.042e-17
4493,2.139e-17
4496,2.055e-17
4499,2.053e-17
4502,2.259e-17
4505,2.114e-17
4508,1.957e-17
4511,2.021e-17
4513,2.009e-17
4516,2.158e-17
4519,2.102e-17
4522,2.166e-17
4525,1.954e-17
4528,1.788e-17
4531,1.876e-17
4533,2.063e-17
4536,2.064e-17
4539,2.003e-17
4542,1.92e-17
4545,1.849e-17
4548,1.896e-17
4551,1.918e-17
4554,2.154e-17
4556,2.124e-17
4559,1.924e-17
4562,1.781e-17
4565,1.908e-17
4568,2e-17
4571,2.041e-17
4574,1.924e-17
4576,1.905e-17
4579,1.953e-17
4582,2.249e-17
4585,1.805e-17
4588,1.884e-17
4591,1.997e-17
4594,1.943e-17
4597,1.897e-17
4599,1.635e-17
4602,1.93e-17
4605,1.846e-17
4608,1.646e-17
4611,1.602e-17
4614,1.972e-17
4617,1.927e-17
4619,1.951e-17
4622,1.805e-17
4625,2.17e-17
4628,1.777e-17
4631,2.075e-17
4634,1.699e-17
4637,1.679e-17
4640,1.912e-17
4642,1.69e-17
4645,1.905e-17
4648,1.817e-17
4651,1.874e-17
4654,1.97e-17
4657,1.888e-17
4660,1.863e-17
4663,1.859e-17
4665,1.965e-17
4668,1.826e-17
4671,1.453e-17
4674,1.862e-17
4677,1.807e-17
4680,1.645e-17
4683,1.614e-17
4685,1.87e-17
4688,1.748e-17
4691,1.892e-17
4694,1.85e-17
4697,1.511e-17
4700,1.668e-17
4703,1.953e-17
4706,1.586e-17
4708,1.863e-17
4711,1.711e-17
4714,1.657e-17
4717,1.659e-17
4720,1.738e-17
4723,1.874e-17
4726,1.843e-17
4728,2.03e-17
4731,1.67e-17
4734,1.768e-17
4737,1.807e-17
4740,1.659e-17
4743,1.5e-17
4746,1.775e-17
4749,1.606e-17
4751,1.634e-17
4754,1.799e-17
4757,1.828e-17
4760,1.813e-17
4763,1.968e-17
4766,1.844e-17
4769,1.748e-17
4771,1.628e-17
4774,1.768e-17
4777,1.743e-17
4780,1.863e-17
4783,1.733e-17
4786,1.907e-17
4789,1.617e-17
4792,1.905e-17
4794,1.544e-17
4797,1.834e-17
4800,1.724e-17
4803,1.755e-17
4806,1.793e-17
4809,1.691e-17
4812,1.869e-17
4815,1.575e-17
4817,1.531e-17
4820,1.732e-17
4826,1.818e-17
4829,1.745e-17
4832,1.703e-17
4835,1.624e-17
4837,1.751e-17
4840,1.857e-17
4843,1.614e-17
4846,1.848e-17
4849,1.804e-17
4852,1.658e-17
4855,1.447e-17
4858,2.013e-17
4860,2.044e-17
4863,2.017e-17
4866,1.074e-17
4869,1.6e-17
4872,1.323e-17
4875,1.554e-17
4878,1.965e-17
4880,1.486e-17
4883,1.841e-17
4886,1.725e-17
4889,1.713e-17
4892,1.749e-17
4895,1.487e-17
4898,1.74e-17
4901,1.745e-17
4903,1.675e-17
4906,1.86e-17
4909,1.763e-17
4912,1.428e-17
4915,1.81e-17
4918,1.738e-17
4921,1.748e-17
4923,1.942e-17
4926,1.81e-17
4929,1.827e-17
4932,1.674e-17
4935,1.793e-17
4938,1.85e-17
4941,1.814e-17
4944,1.682e-17
4946,1.707e-17
4949,1.869e-17
4952,1.931e-17
4955,1.865e-17
4958,2.062e-17
4961,2.006e-17
4964,1.82e-17
4967,1.896e-17
4969,1.868e-17
4972,1.84e-17
4975,2.089e-17
4978,1.981e-17
4981,1.742e-17
4984,1.77e-17
4987,1.691e-17
4989,1.797e-17
4992,2.007e-17
4995,1.981e-17
4998,2.117e-17
5001,2.105e-17
5004,2.08e-17
5007,2.089e-17
5010,2.097e-17
5012,2.105e-17
5015,2.015e-17
5018,1.952e-17
5021,1.743e-17
5024,2.048e-17
5027,2.248e-17
5030,2.032e-17
5032,2.14e-17
5035,1.929e-17
5038,1.984e-17
5041,2.173e-17
5044,1.961e-17
5047,2.08e-17
5050,2.227e-17
5053,2.279e-17
5055,1.956e-17
5058,1.838e-17
5061,2.153e-17
5064,1.981e-17
5067,2.128e-17
5070,2.183e-17
5073,2.117e-17
5076,2.105e-17
5078,2.379e-17
5081,2.043e-17
5084,2.279e-17
5087,2.229e-17
5090,2.333e-17
5093,2.421e-17
5096,2.204e-17
5098,2.718e-17
5101,2.536e-17
5104,2.392e-17
5107,2.35e-17
5110,2.544e-17
5113,2.29e-17
5116,2.595e-17
5119,2.501e-17
5121,2.51e-17
5124,2.698e-17
5127,2.453e-17
5130,2.334e-17
5133,2.411e-17
5136,2.623e-17
5139,2.646e-17
5141,2.634e-17
5144,2.879e-17
5147,2.848e-17
5150,2.516e-17
5153,2.465e-17
5156,2.554e-17
5159,2.855e-17
5162,2.505e-17
5164,2.765e-17
5167,2.543e-17
5170,2.687e-17
5173,2.478e-17
5176,2.684e-17
5179,2.647e-17
5182,2.684e-17
5184,2.693e-17
5187,2.842e-17
5190,2.785e-17
5193,2.925e-17
5196,2.846e-17
5199,2.627e-17
5202,2.727e-17
5205,2.549e-17
5207,2.692e-17
5210,2.738e-17
5213,3.01e-17
5216,2.884e-17
5219,2.931e-17
5222,3.09e-17
5225,3.001e-17
5228,2.898e-17
5230,2.965e-17
5233,3.088e-17
5236,3.045e-17
5239,2.866e-17
5242,2.961e-17
5245,2.934e-17
5248,3.012e-17
5250,3.009e-17
5253,3.083e-17
5256,3.193e-17
5259,3.074e-17
5262,3.182e-17
5265,3.012e-17
5268,2.996e-17
5271,3.201e-17
5273,3.104e-17
5276,3.102e-17
5279,3.122e-17
5282,3.191e-17
5285,3.095e-17
5288,3.093e-17
5291,3.337e-17
5293,3.448e-17
5296,3.611e-17
5299,3.255e-17
5302,3.337e-17
5305,3.401e-17
5308,3.509e-17
5311,3.181e-17
5314,3.423e-17
5316,3.281e-17
5319,3.393e-17
5322,3.232e-17
5325,3.488e-17
5328,3.33e-17
5331,3.423e-17
5334,3.518e-17
5336,3.719e-17
5339,3.401e-17
5342,3.501e-17
5345,3.583e-17
5348,3.679e-17
5351,3.561e-17
5354,3.313e-17
5357,3.51e-17
5359,3.601e-17
5362,3.544e-17
5365,3.322e-17
5368,3.365e-17
5371,3.583e-17
5374,3.297e-17
5377,3.511e-17
5380,3.566e-17
5382,3.428e-17
5385,3.247e-17
5388,3.211e-17
5391,3.282e-17
5394,3.299e-17
5397,3.516e-17
5400,3.376e-17
5402,3.442e-17
5405,3.402e-17
5408,3.227e-17
5411,3.533e-17
5414,3.431e-17
5417,3.24e-17
5420,3.28e-17
5423,3.277e-17
5425,3.336e-17
5428,3.401e-17
5431,3.361e-17
5434,3.301e-17
5437,3.401e-17
5440,3.293e-17
5443,3.407e-17
5445,3.328e-17
5448,3.316e-17
5451,3.303e-17
5454,3.27e-17
5457,3.257e-17
5460,3.245e-17
5463,3.232e-17
5466,3.377e-17
5468,3.209e-17
5471,2.99e-17
5474,3.067e-17
5477,3.286e-17
5480,3.134e-17
5483,3.041e-17
5486,3.111e-17
5488,3.118e-17
5491,3e-17
5494,3.004e-17
5497,2.991e-17
5500,2.96e-17
5503,2.956e-17
5506,2.951e-17
5509,2.947e-17
5511,3.078e-17
5514,3.065e-17
5517,2.974e-17
5520,3.032e-17
5523,2.984e-17
5526,3.116e-17
5529,3.023e-17
5532,2.788e-17
5534,2.895e-17
5537,2.897e-17
5540,2.893e-17
5543,2.707e-17
5546,2.796e-17
5549,2.792e-17
5552,2.788e-17
5554,2.784e-17
5557,2.779e-17
5560,2.775e-17
5563,2.771e-17
5566,3.031e-17
5569,2.895e-17
5572,2.583e-17
5575,2.749e-17
5577,2.608e-17
5580,2.808e-17
5583,2.9e-17
5586,2.805e-17
5589,2.545e-17
5592,2.838e-17
5595,2.738e-17
5597,3.121e-17
5600,2.606e-17
5603,2.701e-17
5606,2.611e-17
5609,2.356e-17
5612,2.77e-17
5615,2.63e-17
5618,2.446e-17
5620,2.569e-17
5623,2.455e-17
5626,2.505e-17
5629,2.666e-17
5632,2.578e-17
5635,2.514e-17
5638,2.583e-17
5640,2.643e-17
5643,2.829e-17
5646,2.678e-17
5649,2.586e-17
5652,2.713e-17
5655,2.508e-17
5658,2.322e-17
5661,2.771e-17
5663,2.831e-17
5666,2.474e-17
5669,2.449e-17
5672,2.514e-17
5675,2.592e-17
5678,2.569e-17
5681,2.474e-17
5684,2.363e-17
5686,2.569e-17
5689,2.479e-17
5692,2.088e-17
5695,2.38e-17
5698,2.602e-17
5701,2.553e-17
5704,2.318e-17
5706,2.431e-17
5709,2.506e-17
5712,2.808e-17
5715,2.64e-17
5718,2.532e-17
5721,2.45e-17
5724,2.648e-17
5727,2.189e-17
5729,2.46e-17
5732,2.391e-17
5735,2.408e-17
5738,2.321e-17
5741,2.26e-17
5744,2.494e-17
5747,2.78e-17
5749,2.462e-17
5752,2.474e-17
5755,2.337e-17
5758,2.343e-17
5761,2.205e-17
5764,2.189e-17
5767,2.292e-17
5770,2.464e-17
5772,2.301e-17
5775,2.165e-17
5778,2.381e-17
5781,2.331e-17
5784,2.231e-17
5787,2.177e-17
5790,2.238e-17
5792,2.527e-17
5795,2.324e-17
5798,2.289e-17
5801,2.45e-17
5804,2.319e-17
5807,2.315e-17
5810,2.312e-17
5813,2.243e-17
5815,2.331e-17
5818,2.282e-17
5821,2.615e-17
5824,2.337e-17
5827,2.382e-17
5830,2.41e-17
5833,2.448e-17
5836,2.212e-17
5838,2.465e-17
5841,2.161e-17
5844,2.289e-17
5847,2.376e-17
5850,2.298e-17
5853,2.344e-17
5856,2.386e-17
5858,2.23e-17
5861,2.328e-17
5864,2.406e-17
5867,2.453e-17
5870,2.359e-17
5873,2.381e-17
5876,2.22e-17
5879,2.101e-17
5881,2.26e-17
5884,2.133e-17
5887,2.006e-17
5890,2.06e-17
5893,2.336e-17
5896,2.412e-17
5899,2.169e-17
5901,2.087e-17
5904,2.411e-17
5907,2.42e-17
5910,2.28e-17
5913,2.137e-17
5916,2.313e-17
5919,2.208e-17
5922,2.066e-17
5924,2.226e-17
5927,2.185e-17
5930,2.119e-17
5933,2.272e-17
5936,2.257e-17
5939,2.172e-17
5942,2.217e-17
5945,2.205e-17
5947,2.13e-17
5950,2.06e-17
5953,2.055e-17
5956,2.292e-17
5959,1.992e-17
5962,1.675e-17
5965,1.906e-17
5967,2.101e-17
5970,2.203e-17
5973,2.108e-17
5976,2.061e-17
5979,2.057e-17
5982,2.052e-17
5985,2.048e-17
5988,2.044e-17
5990,2.04e-17
5993,2.035e-17
5996,2.031e-17
5999,2.027e-17
6002,2.023e-17
6005,2.018e-17
6008,2.014e-17
6010,2.01e-17
6013,2.006e-17
6016,2.001e-17
6019,1.997e-17
6022,1.993e-17
6025,1.989e-17
6028,1.984e-17
6031,1.98e-17
6033,1.976e-17
6036,1.979e-17
6039,1.815e-17
6042,2.182e-17
6045,1.838e-17
6048,1.656e-17
6051,1.979e-17
6053,1.998e-17
6056,1.742e-17
6059,1.962e-17
6062,1.978e-17
6065,1.898e-17
6068,1.934e-17
6071,1.693e-17
6074,1.656e-17
6076,1.85e-17
6079,1.938e-17
6082,1.811e-17
6085,1.708e-17
6088,1.795e-17
6091,1.915e-17
6094,2.059e-17
6097,1.994e-17
6099,1.779e-17
6102,1.902e-17
6105,1.672e-17
6108,1.888e-17
6111,1.948e-17
6114,1.815e-17
6117,1.706e-17
6119,1.849e-17
6122,1.903e-17
6125,1.984e-17
6128,1.954e-17
6131,1.943e-17
6134,1.808e-17
6137,1.786e-17
6140,1.866e-17
6142,1.886e-17
6145,1.905e-17
6148,1.788e-17
6151,1.898e-17
6154,1.84e-17
6157,1.873e-17
6160,1.937e-17
6162,1.753e-17
6165,1.899e-17
6168,1.859e-17
6171,1.83e-17
6174,1.952e-17
6177,1.891e-17
6180,1.853e-17
6183,2.013e-17
6185,1.915e-17
6188,2.043e-17
6191,1.96e-17
6194,1.971e-17
6197,1.984e-17
6200,1.869e-17
6203,2.022e-17
6205,1.984e-17
6208,1.826e-17
6211,2.079e-17
6214,1.93e-17
6217,2.127e-17
6220,2.095e-17
6223,2.053e-17
6226,2.074e-17
6228,1.985e-17
6231,2.046e-17
6234,1.96e-17
6237,2.037e-17
6240,2.188e-17
6243,2.134e-17
6246,2.06e-17
6249,2.024e-17
6251,1.935e-17
6254,2.079e-17
6257,2.171e-17
6260,1.956e-17
6263,1.955e-17
6266,2.036e-17
6269,2.017e-17
6271,1.919e-17
6274,2.053e-17
6277,1.82e-17
6280,1.875e-17
6283,1.973e-17
6286,1.969e-17
6289,2.08e-17
6292,2.085e-17
6294,2.23e-17
6297,2.161e-17
6300,1.968e-17
6303,2.064e-17
6306,2.165e-17
6309,2.155e-17
6312,2.151e-17
6314,2.148e-17
6317,2.133e-17
6320,2.201e-17
6323,2.459e-17
6326,2.209e-17
6329,1.558e-17
6332,1.477e-17
6335,1.809e-17
6337,1.913e-17
6340,2.04e-17
6343,1.899e-17
6346,2.19e-17
6349,2.227e-17
6352,1.759e-17
6355,1.746e-17
6357,1.67e-17
6360,2.002e-17
6363,1.91e-17
6366,2.013e-17
6369,2.079e-17
6372,2.23e-17
6375,1.944e-17
6378,2.244e-17
6380,2.287e-17
6383,2.129e-17
6386,1.685e-17
6389,2.136e-17
6392,1.881e-17
6395,1.943e-17
6398,2.058e-17
6401,2.188e-17
6403,2.446e-17
6406,1.96e-17
6409,1.691e-17
6412,2.142e-17
6415,2.103e-17
6418,2.101e-17
6421,2.421e-17
6423,2.41e-17
6426,2.496e-17
6429,2.103e-17
6432,2.034e-17
6435,2.079e-17
6438,2.298e-17
6441,2.012e-17
6444,2.188e-17
6446,2.139e-17
6449,2e-17
6452,2.135e-17
6455,2.289e-17
6458,2.4e-17
6461,2.256e-17
6464,2.16e-17
6469,2.027e-17
6472,2.048e-17
6475,2.077e-17
6478,2.207e-17
6481,2.257e-17
6484,2.212e-17
6487,2.181e-17
6489,2.052e-17
6492,1.995e-17
6495,2.016e-17
6498,2.063e-17
6501,1.96e-17
6504,1.831e-17
6507,2.067e-17
6510,2.037e-17
6512,1.99e-17
6515,1.996e-17
6518,2.219e-17
6521,2.038e-17
6524,1.836e-17
6527,1.993e-17
6530,2.249e-17
6532,1.726e-17
6535,1.925e-17
6538,1.806e-17
6541,1.888e-17
6544,2.149e-17
6547,2.021e-17
6570,2.047e-17
6573,2.007e-17
6575,2.041e-17
6578,2.097e-17
6581,2.03e-17
6584,1.903e-17
6587,1.914e-17
6590,2.05e-17
6593,2.085e-17
6596,1.925e-17
6598,1.918e-17
6601,2.106e-17
6604,1.935e-17
6607,2.101e-17
6610,1.849e-17
6613,1.593e-17
6616,1.887e-17
6618,1.884e-17
6621,1.88e-17
6624,1.877e-17
6627,1.873e-17
6630,1.87e-17
6633,1.867e-17
6636,1.863e-17
6639,1.86e-17
6641,1.857e-17
6644,1.853e-17
6647,1.85e-17
6650,1.846e-17
6653,1.843e-17
6656,1.84e-17
6659,1.836e-17
6662,1.833e-17
6664,1.83e-17
6667,1.826e-17
6670,1.823e-17
6673,1.819e-17
6676,1.816e-17
6679,1.813e-17
6682,1.809e-17
6684,1.806e-17
6687,1.803e-17
6690,1.799e-17
6693,1.796e-17
6696,1.792e-17
6699,1.789e-17
6702,1.786e-17
6705,1.782e-17
6707,1.779e-17
6710,1.81e-17
6713,1.647e-17
6716,1.51e-17
6719,1.712e-17
6722,1.735e-17
6725,2.038e-17
6727,1.997e-17
6730,1.723e-17
6733,1.703e-17
6736,1.89e-17
6739,1.533e-17
6742,1.308e-17
6745,1.732e-17
6748,1.701e-17
6750,1.75e-17
6753,1.731e-17
6756,1.66e-17
6759,1.783e-17
6762,2.301e-17
6765,1.719e-17
6768,1.828e-17
6770,1.442e-17
6773,1.251e-17
6776,1.692e-17
6779,1.641e-17
6782,1.778e-17
6785,1.794e-17
6788,1.731e-17
6791,1.89e-17
6793,1.833e-17
6796,1.727e-17
6799,1.753e-17
6802,1.512e-17
6805,1.628e-17
6808,1.652e-17
6811,1.445e-17
6814,1.874e-17
6816,1.428e-17
6819,1.958e-17
6822,1.488e-17
6825,1.755e-17
6828,1.482e-17
6831,1.509e-17
6834,1.629e-17
6836,1.524e-17
6839,1.586e-17
6842,1.366e-17
6845,1.6e-17
6848,1.612e-17
6851,1.498e-17
6865,1.497e-17
6888,1.3e-17
6891,1.595e-17
6894,1.524e-17
6897,1.472e-17
6900,1.452e-17
6902,1.606e-17
6905,1.675e-17
6908,2.026e-17
6911,1.825e-17
6914,1.554e-17
6917,1.592e-17
6920,1.445e-17
6922,1.704e-17
6925,1.784e-17
6928,1.448e-17
6931,1.555e-17
6934,1.374e-17
6937,1.358e-17
6940,1.729e-17
6943,1.548e-17
6945,1.489e-17
6948,1.744e-17
6951,1.391e-17
6954,1.509e-17
6957,1.525e-17
6960,1.331e-17
6963,1.257e-17
6966,1.572e-17
6968,1.844e-17
6971,1.482e-17
6974,1.537e-17
6977,1.7e-17
6980,1.44e-17
6983,1.626e-17
6986,1.61e-17
6988,1.613e-17
6991,1.523e-17
6994,1.52e-17
6997,1.552e-17
7000,1.435e-17
7003,1.851e-17
7006,1.624e-17
7009,1.356e-17
7011,1.55e-17
7014,1.364e-17
7017,1.45e-17
7020,1.402e-17
7023,1.593e-17
7026,1.427e-17
7029,1.867e-17
7031,1.678e-17
7034,1.404e-17
7037,1.612e-17
7040,1.3e-17
7043,1.354e-17
7046,1.449e-17
7049,1.441e-17
7052,1.569e-17
7054,1.458e-17
7057,1.385e-17
7060,1.631e-17
7063,1.498e-17
7066,1.679e-17
7069,1.58e-17
7072,1.748e-17
7074,1.611e-17
7077,1.475e-17
7080,1.575e-17
7083,1.386e-17
7086,1.456e-17
7089,1.422e-17
7092,1.363e-17
7095,1.503e-17
7097,1.485e-17
7100,1.422e-17
7103,1.391e-17
7106,1.389e-17
7109,1.493e-17
7112,1.397e-17
7115,1.44e-17
7118,1.402e-17
7120,1.265e-17
7123,1.635e-17
7126,1.404e-17
7129,1.322e-17
7132,1.505e-17
7135,1.469e-17
7138,1.248e-17
7140,1.136e-17
7143,1.384e-17
7146,1.482e-17
7149,1.322e-17
7152,1.35e-17
7155,1.411e-17
7158,1.408e-17
7161,1.57e-17
7163,1.523e-17
7166,1.353e-17
7169,1.477e-17
7172,1.317e-17
7175,1.504e-17
7178,1.418e-17
7181,1.318e-17
7183,1.079e-17
7186,1.404e-17
7189,1.371e-17
7192,1.369e-17
7195,1.383e-17
7198,1.283e-17
7201,1.356e-17
7204,1.456e-17
7206,1.439e-17
7209,1.269e-17
7212,1.301e-17
7215,1.264e-17
7218,1.385e-17
7221,1.271e-17
7224,1.325e-17
7226,1.578e-17
7229,1.411e-17
7232,1.578e-17
7235,1.626e-17
7238,1.595e-17
7241,1.644e-17
7244,1.351e-17
7247,1.149e-17
7249,1.361e-17
7252,9.359e-18
7255,1.013e-17
7258,1.32e-17
7261,1.206e-17
7264,1.316e-17
7267,1.395e-17
7270,1.178e-17
7272,1.157e-17
7275,1.411e-17
7278,1.487e-17
7281,1.517e-17
7284,1.011e-17
7287,1.039e-17
7290,9.268e-18
7292,8.24e-18
7295,1.313e-17
7298,1.284e-17
7301,1.387e-17
7304,1.358e-17
7307,1.277e-17
7310,1.053e-17
7313,1.178e-17
7315,1.369e-17
7318,1.27e-17
7321,1.38e-17
7324,1.415e-17
7327,1.221e-17
7330,8.032e-18
7333,1.215e-17
7335,1.225e-17
7338,1.375e-17
7341,1.481e-17
7344,1.301e-17
7347,1.434e-17
7350,1.312e-17
7364,9.421e-18
7367,1.087e-17
7370,1.26e-17
7373,1.142e-17
7376,7.558e-18
7379,1.244e-17
7381,1.394e-17
7384,1.304e-17
7387,1.16e-17
7390,9.565e-18
7393,8.602e-18
7396,8.587e-18
7399,1.118e-17
7401,1.35e-17
7404,1.241e-17
7407,1.335e-17
7410,1.404e-17
7413,1.2e-17
7416,9.639e-18
7419,1.078e-17
7422,1.341e-17
7424,1.675e-17
7427,1.128e-17
7430,5.42e-18
7433,1.086e-17
7436,1.3e-17
7439,1.121e-17
7442,1.263e-17
7444,1.342e-17
7447,1.229e-17
7450,9.852e-18
7453,1.145e-17
7456,1.256e-17
7459,1.127e-17
7462,1.309e-17
7465,1.1e-17
7467,1.2e-17
7470,1.142e-17
7473,1.136e-17
7476,1.137e-17
7479,1.035e-17
7482,1.212e-17
7485,1.392e-17
7487,1.127e-17
7490,1.224e-17
7493,1.109e-17
7496,1.064e-17
7499,1.291e-17
7502,1.248e-17
7505,1.162e-17
7508,1.291e-17
7510,1.41e-17
7513,1.301e-17
7516,1.257e-17
7519,1.345e-17
7522,1.149e-17
7525,1.103e-17
7528,1.46e-17
7531,1.213e-17
7533,1.332e-17
7536,7.721e-18
7539,1.401e-17
7542,1.125e-17
7545,1.25e-17
7548,1.39e-17
7551,1.186e-17
7553,1.069e-17
7556,1.318e-17
7559,1.272e-17
7562,1.23e-17
7565,1.344e-17
7568,9.72e-18
7571,1.28e-17
7574,1.654e-17
7576,1.261e-17
7579,1.133e-17
7582,1.127e-17
7585,1.416e-17
7588,1.323e-17
7591,1.218e-17
7594,1.207e-17
7596,1.286e-17
7599,1.265e-17
7602,1.263e-17
7605,1.312e-17
7608,1.058e-17
7611,1.129e-17
7614,1.135e-17
7617,1.284e-17
7619,1.336e-17
7622,1.178e-17
7625,1.312e-17
7628,1.247e-17
7631,1.267e-17
7634,1.131e-17
7637,1.268e-17
7639,1.346e-17
7642,1.236e-17
7657,8.958e-18
7660,1.24e-17
7662,9.588e-18
7665,1.28e-17
7668,8.638e-18
7671,9.167e-18
7674,1.282e-17
7677,1.13e-17
7680,7.879e-18
7683,9.391e-18
7685,1.147e-17
7688,1.173e-17
7691,1.196e-17
7694,1.274e-17
7697,1.184e-17
7700,1.186e-17
7703,1.188e-17
7705,1.19e-17
7708,1.192e-17
7711,1.194e-17
7714,1.196e-17
7717,1.27e-17
7720,8.318e-18
7723,8.853e-18
7726,1.21e-17
7728,1.337e-17
7731,8.313e-18
7734,8.825e-18
7737,1.124e-17
7740,8.917e-18
7743,9.039e-18
7746,1.054e-17
7748,1.1e-17
7751,1.064e-17
7769,1.098e-17
7771,1.056e-17
7774,9.645e-18
7777,1.138e-17
7780,1.221e-17
7783,5.849e-18
7786,9.079e-18
7789,1.339e-17
7791,5.506e-18
7794,8.072e-18
7797,8.404e-18
7800,1.045e-17
7803,8.825e-18
7806,9.33e-18
7809,9.288e-18
7812,9.247e-18
7814,9.206e-18
7817,9.165e-18
7820,9.123e-18
7823,9.082e-18
7826,9.041e-18
7829,4.419e-18
7832,8.373e-18
7835,7.416e-18
7837,6.711e-18
7840,8.815e-18
7843,7.825e-18
7846,7.177e-18
7849,6.469e-18
7852,8.526e-18
7855,9.506e-18
7857,8.835e-18
7860,8.78e-18
7863,5.157e-18
7866,6.613e-18
7869,6.452e-18
7872,7.3e-18
7875,5.964e-18
7878,5.743e-18
7880,6.926e-18
7883,6.856e-18
7886,5.439e-18
7889,4.326e-18
7892,1.059e-17
7895,7.598e-18
7898,1.015e-17
7900,6.955e-18
7903,8.513e-18
7906,8.149e-18
7909,7.647e-18
7912,7.061e-18
7915,7.981e-18
7918,7.264e-18
7921,5.984e-18
7923,6.756e-18
7926,7.191e-18
7929,6.899e-18
7932,7.114e-18
7935,6.498e-18
7938,6.508e-18
7941,6.537e-18
7944,7.779e-18
7946,6.845e-18
7949,6.142e-18
7952,3.636e-18
7955,5.273e-18
7958,6.172e-18
7961,5.336e-18
7964,5.557e-18
7966,6.491e-18
7969,6.146e-18
7972,5.057e-18
7975,6.369e-18
7978,5.652e-18
7981,7.843e-18
7984,8.831e-18
7987,6.986e-18
7989,5.505e-18
7992,4.646e-18
7995,5.507e-18
7998,4.941e-18
8001,5.467e-18
8004,5.486e-18
8007,5.482e-18
8009,6.803e-18
8012,5.933e-18
8015,7.058e-18
8018,4.726e-18
8021,6.738e-18
8024,7.065e-18
8027,4.438e-18
8030,5.915e-18
8032,4.951e-18
8035,5.438e-18
8038,5.122e-18
8041,5.481e-18
8044,5.867e-18
8047,2.911e-18
8050,4.222e-18
8052,6.278e-18
8055,6.356e-18
8058,8.646e-18
8061,6.868e-18
8064,5.973e-18
8067,5.646e-18
8070,6.865e-18
8073,5.821e-18
8075,5.263e-18
8078,7.254e-18
8081,4.348e-18
8084,6.702e-18
8087,7.222e-18
8090,5.899e-18
8093,9.327e-18
8096,6.808e-18
8098,4.872e-18
8101,6.405e-18
8104,6.002e-18
8107,9.434e-18
8110,9.117e-18
8113,3.482e-18
8116,7.411e-18
8118,7.595e-18
8121,1.014e-17
8124,6.912e-18
8127,5.54e-18
8130,8.904e-18
8133,1.228e-17
8136,1.042e-17
8139,7.154e-18
8141,-5.755e-18
8144,-4.909e-18
8147,2.647e-18
8150,2.245e-18
8153,2.779e-18
8156,5.319e-18
8159,3.013e-18
8161,7.41e-18
8164,7.388e-18
8167,2.795e-18
8170,6.256e-18
8173,5.1e-18
8176,6.794e-18
8179,3.834e-18
8182,2.81e-18
8184,9.803e-18
8187,7.101e-18
8190,7.852e-18
8193,7.924e-18
8196,6.814e-18
8199,7.854e-18
8202,6.293e-18
8219,3.798e-18
8222,1.528e-18
8225,7.675e-18
8227,8.554e-18
8230,1.56e-18
8233,6.155e-18
8236,8.772e-18
8239,8.035e-18
8242,1.247e-17
8245,6.785e-18
8248,8.696e-18
8250,4.797e-18
8253,7.359e-18
8256,1.847e-18
8259,1.836e-18
8262,1.068e-17
8265,7.146e-18
8268,8.59e-18
8270,3.907e-18
8273,3.235e-19
8276,1.745e-18
8279,5.893e-18
8282,8.469e-18
8285,1.023e-17
8288,8.897e-18
8291,8.417e-18
8293,6.312e-18
8296,-1.517e-18
8299,5.573e-18
8302,1.466e-17
8305,6.573e-18
8308,6.487e-18
8311,7.511e-18
8313,2.831e-18
8316,6.773e-18
8319,1.029e-17
8322,7.12e-18
8325,1.053e-17
8328,8.482e-18
8331,6.041e-18
8334,5.752e-18
8336,3.85e-18
8339,8.495e-18
8342,-1.508e-18
8345,9.144e-18
8348,6.394e-18
8351,1.477e-17
8354,5.537e-18
8356,1.075e-17
8359,1.637e-17
8362,1.025e-17
8365,9.429e-18
8368,9.569e-18
8371,9.984e-18
8374,8.33e-18
8377,1.03e-17
8379,1.098e-17
8382,8.297e-18
8385,1.094e-17
8388,9.824e-18
8391,1.133e-17
8394,1.234e-17
8397,1.134e-17
8400,1.068e-17
8402,8.553e-18
8405,1.471e-17
8408,8.757e-18
8411,1.52e-17
8414,1.352e-17
8417,1.335e-17
8420,1.104e-17
