1.050	45276523108991500000000000000000000000000
2.110	61049006766010600000000000000000000000000
4.050	140518894659536000000000000000000000000000
5.100	247981916257328000000000000000000000000000
6.040	347686982252827000000000000000000000000000
7.030	464518292370313000000000000000000000000000
8.080	570191836658238000000000000000000000000000
9.030	680477205703460000000000000000000000000000
10.030	789060588591146000000000000000000000000000
12.020	997119024473419000000000000000000000000000
13.040	1074790030983710000000000000000000000000000
15.070	1200731585398050000000000000000000000000000
16.060	1257492757617950000000000000000000000000000
17.040	1337924282135530000000000000000000000000000
18.070	1331221191719670000000000000000000000000000
19.160	1339634543738400000000000000000000000000000
20.050	1390762350852950000000000000000000000000000
21.070	1322775025080170000000000000000000000000000
23.030	1343690321222500000000000000000000000000000
24.040	1314355190194170000000000000000000000000000
25.020	1256704371343280000000000000000000000000000
26.050	1166205023570570000000000000000000000000000
27.080	1133167838860290000000000000000000000000000
28.040	1064195584261020000000000000000000000000000
28.080	1044586027505770000000000000000000000000000
31.060	851198053398493000000000000000000000000000
33.100	747886346734134000000000000000000000000000
35.100	652873687681123000000000000000000000000000
37.030	574046535033730000000000000000000000000000
39.040	518552944653289000000000000000000000000000
41.080	481271233850873000000000000000000000000000

