8.15	580437857249950000000000000000000000000000
9.08	618256145447387000000000000000000000000000
13.09	830952160638685000000000000000000000000000
14.11	878858272320939000000000000000000000000000
15.07	916469739231995000000000000000000000000000
16.14	940376371488777000000000000000000000000000
17.06	931069550842023000000000000000000000000000
18.06	936602865895789000000000000000000000000000
19.07	944622621830162000000000000000000000000000
20.02	987132134118312000000000000000000000000000
21.04	1009820523688020000000000000000000000000000
22.01	1043592197891740000000000000000000000000000
23.02	1116450528018700000000000000000000000000000
24.04	1157885762801870000000000000000000000000000
25.11	1215197968379580000000000000000000000000000
30.01	1715010964256520000000000000000000000000000
31.00	1857769286542730000000000000000000000000000
31.98	2001193854471730000000000000000000000000000
49.15	2025436322066090000000000000000000000000000
51.00	1929010432278840000000000000000000000000000
53.15	1748110588355730000000000000000000000000000
62.95	962631767588990000000000000000000000000000
65.95	775689277187043000000000000000000000000000
105.97	176935105938851000000000000000000000000000

