1.18	898834717029360000000000000000000000000000
4.40	1428204325770880000000000000000000000000000
6.31	1705188930487110000000000000000000000000000
7.34	1809214806667010000000000000000000000000000
8.35	1906150927312510000000000000000000000000000
9.22	1971710314871680000000000000000000000000000
10.35	2069393017103130000000000000000000000000000
11.28	2114960668236480000000000000000000000000000
12.14	2082206681264100000000000000000000000000000
13.34	2222799290917070000000000000000000000000000
15.32	2196942682332970000000000000000000000000000
16.26	2179086702185210000000000000000000000000000
17.31	2101229369199100000000000000000000000000000
18.27	1929896474184900000000000000000000000000000
20.36	1768358227260240000000000000000000000000000
20.38	1746652535836430000000000000000000000000000
26.36	1390881525449800000000000000000000000000000
27.19	1315262590992570000000000000000000000000000
36.37	866993463015723000000000000000000000000000
37.29	841288916644834000000000000000000000000000
39.19	801463363643864000000000000000000000000000
44.17	665538910815651000000000000000000000000000
60.25	433837458974824000000000000000000000000000

