0.29	801402571050306000000000000000000000000000
4.14	919436467857013000000000000000000000000000
17.17	427117155592967000000000000000000000000000
24.36	276675025164639000000000000000000000000000
25.25	266532547046040000000000000000000000000000
27.25	243985802758217000000000000000000000000000
29.19	232602419304538000000000000000000000000000
30.30	227743599694046000000000000000000000000000
31.17	225991902807671000000000000000000000000000
34.15	214204876190153000000000000000000000000000
35.25	204981193959641000000000000000000000000000
38.23	180246025359241000000000000000000000000000
42.15	183080249852021000000000000000000000000000
56.15	124469998877670000000000000000000000000000

