0.43	449326136240280000000000000000000000000000
3.33	604595154549842000000000000000000000000000
4.27	656640212470121000000000000000000000000000
5.28	703610563826317000000000000000000000000000
6.28	736757019670942000000000000000000000000000
7.28	791248211372943000000000000000000000000000
8.37	814236536220706000000000000000000000000000
9.36	867622404151313000000000000000000000000000
10.20	901273526224088000000000000000000000000000
11.25	885419725525112000000000000000000000000000
18.49	868425436276922000000000000000000000000000
20.46	856454543610964000000000000000000000000000
23.31	782968289233358000000000000000000000000000
24.38	729062115254260000000000000000000000000000
27.37	652597562579084000000000000000000000000000
28.36	629945214102681000000000000000000000000000
32.32	530936826049649000000000000000000000000000
34.11	514031660313161000000000000000000000000000
35.40	476235715108730000000000000000000000000000
38.26	435629547783320000000000000000000000000000
39.48	408770475697640000000000000000000000000000
49.28	316545442324778000000000000000000000000000
55.29	281441603852622000000000000000000000000000
58.28	272780121537554000000000000000000000000000
63.33	243528567563935000000000000000000000000000
86.34	198730298913672000000000000000000000000000

